t Flo Fhi
-0.9850 0.000000 0.000113
-0.9768 0.000000 0.000160
-0.9685 0.000000 0.000234
-0.9603 0.000000 0.000355
-0.9520 0.000000 0.000567
-0.9438 0.000000 0.000969
-0.9355 0.000000 0.001817
-0.9273 0.000000 0.003904
-0.9191 0.000000 0.009967
-0.9108 0.000000 0.023053
-0.9026 0.006197 0.024817
-0.8943 0.015491 0.024869
-0.8861 0.019452 0.024909
-0.8778 0.021238 0.024949
-0.8696 0.022176 0.024991
-0.8614 0.022731 0.025038
-0.8531 0.023090 0.025090
-0.8449 0.023337 0.025148
-0.8366 0.023517 0.025213
-0.8284 0.023652 0.025287
-0.8201 0.023758 0.025370
-0.8119 0.023843 0.025464
-0.8037 0.023913 0.025572
-0.7954 0.023972 0.025694
-0.7872 0.024022 0.025835
-0.7789 0.024066 0.025996
-0.7707 0.024105 0.026182
-0.7624 0.024141 0.026396
-0.7542 0.024173 0.026644
-0.7460 0.024203 0.026932
-0.7377 0.024231 0.027268
-0.7295 0.024259 0.027661
-0.7212 0.024286 0.028124
-0.7130 0.024312 0.028673
-0.7047 0.024339 0.029331
-0.6965 0.024367 0.030127
-0.6883 0.024397 0.031105
-0.6800 0.024428 0.032326
-0.6718 0.024462 0.033881
-0.6635 0.024498 0.035908
-0.6553 0.024539 0.038624
-0.6471 0.024584 0.042380
-0.6388 0.024633 0.047776
-0.6306 0.024687 0.055886
-0.6223 0.024746 0.068769
-0.6141 0.024812 0.090673
-0.6058 0.024887 0.131172
-0.5976 0.024975 0.213750
-0.5894 0.025098 0.395454
-0.5811 0.025409 0.736268
-0.5729 0.064178 0.932844
-0.5646 0.344009 0.957660
-0.5564 0.576537 0.970975
-0.5481 0.705810 0.982469
-0.5399 0.781667 0.992261
-0.5317 0.833505 0.998395
-0.5234 0.876290 0.999976
-0.5152 0.916069 1.000000
-0.5069 0.948661 1.000000
-0.4987 0.970423 1.000000
-0.4904 0.983165 1.000000
-0.4822 0.990256 1.000000
-0.4740 0.994193 1.000000
-0.4657 0.996427 1.000000
-0.4575 0.997731 1.000000
-0.4492 0.998518 1.000000
-0.4410 0.999006 1.000000
-0.4327 0.999318 1.000000
-0.4245 0.999523 1.000000
-0.4163 0.999660 1.000000
-0.4080 0.999753 1.000000
-0.3998 0.999818 1.000000
-0.3915 0.999865 1.000000
-0.3833 0.999898 1.000000
-0.3750 0.999922 1.000000
-0.3668 0.999940 1.000000
-0.3586 0.999953 1.000000
-0.3503 0.999963 1.000000
-0.3421 0.999971 1.000000
-0.3338 0.999977 1.000000
-0.3256 0.999981 1.000000
-0.3173 0.999985 1.000000
-0.3091 0.999988 1.000000
-0.3009 0.999990 1.000000
-0.2926 0.999992 1.000000
-0.2844 0.999993 1.000000
-0.2761 0.999994 1.000000
-0.2679 0.999995 1.000000
-0.2596 0.999996 1.000000
-0.2514 0.999997 1.000000
-0.2432 0.999997 1.000000
-0.2349 0.999998 1.000000
-0.2267 0.999998 1.000000
-0.2184 0.999998 1.000000
-0.2102 0.999998 1.000000
-0.2019 0.999999 1.000000
-0.1937 0.999999 1.000000
-0.1855 0.999999 1.000000
-0.1772 0.999999 1.000000
-0.1690 0.999999 1.000000
-0.1607 0.999999 1.000000
-0.1525 0.999999 1.000000
-0.1442 1.000000 1.000000
-0.1360 1.000000 1.000000
-0.1278 1.000000 1.000000
-0.1195 1.000000 1.000000
-0.1113 1.000000 1.000000
-0.1030 1.000000 1.000000
-0.0948 1.000000 1.000000
-0.0865 1.000000 1.000000
-0.0783 1.000000 1.000000
-0.0701 1.000000 1.000000
-0.0618 1.000000 1.000000
-0.0536 1.000000 1.000000
-0.0453 1.000000 1.000000
-0.0371 1.000000 1.000000
-0.0288 1.000000 1.000000
-0.0206 1.000000 1.000000
-0.0124 1.000000 1.000000
-0.0041 1.000000 1.000000
0.0041 1.000000 1.000000
0.0124 1.000000 1.000000
0.0206 1.000000 1.000000
0.0288 1.000000 1.000000
0.0371 1.000000 1.000000
0.0453 1.000000 1.000000
0.0536 1.000000 1.000000
0.0618 1.000000 1.000000
0.0701 1.000000 1.000000
0.0783 1.000000 1.000000
0.0865 1.000000 1.000000
0.0948 1.000000 1.000000
0.1030 1.000000 1.000000
0.1113 1.000000 1.000000
0.1195 1.000000 1.000000
0.1278 1.000000 1.000000
0.1360 1.000000 1.000000
0.1442 1.000000 1.000000
0.1525 1.000000 1.000000
0.1607 1.000000 1.000000
0.1690 1.000000 1.000000
0.1772 1.000000 1.000000
0.1855 1.000000 1.000000
0.1937 1.000000 1.000000
0.2019 1.000000 1.000000
0.2102 1.000000 1.000000
0.2184 1.000000 1.000000
0.2267 1.000000 1.000000
0.2349 1.000000 1.000000
0.2432 1.000000 1.000000
0.2514 1.000000 1.000000
0.2596 1.000000 1.000000
0.2679 1.000000 1.000000
0.2761 1.000000 1.000000
0.2844 1.000000 1.000000
0.2926 1.000000 1.000000
0.3009 1.000000 1.000000
0.3091 1.000000 1.000000
0.3173 1.000000 1.000000
0.3256 1.000000 1.000000
0.3338 1.000000 1.000000
0.3421 1.000000 1.000000
0.3503 1.000000 1.000000
0.3586 1.000000 1.000000
0.3668 1.000000 1.000000
0.3750 1.000000 1.000000
0.3833 1.000000 1.000000
0.3915 1.000000 1.000000
0.3998 1.000000 1.000000
0.4080 1.000000 1.000000
0.4163 1.000000 1.000000
0.4245 1.000000 1.000000
0.4327 1.000000 1.000000
0.4410 1.000000 1.000000
0.4492 1.000000 1.000000
0.4575 1.000000 1.000000
0.4657 1.000000 1.000000
0.4740 1.000000 1.000000
0.4822 1.000000 1.000000
0.4904 1.000000 1.000000
0.4987 1.000000 1.000000
0.5069 1.000000 1.000000
0.5152 1.000000 1.000000
0.5234 1.000000 1.000000
0.5317 1.000000 1.000000
0.5399 1.000000 1.000000
0.5481 1.000000 1.000000
0.5564 1.000000 1.000000
0.5646 1.000000 1.000000
0.5729 1.000000 1.000000
0.5811 1.000000 1.000000
0.5894 1.000000 1.000000
0.5976 1.000000 1.000000
0.6058 1.000000 1.000000
0.6141 1.000000 1.000000
0.6223 1.000000 1.000000
0.6306 1.000000 1.000000
0.6388 1.000000 1.000000
0.6471 1.000000 1.000000
0.6553 1.000000 1.000000
0.6635 1.000000 1.000000
0.6718 1.000000 1.000000
0.6800 1.000000 1.000000
0.6883 1.000000 1.000000
0.6965 1.000000 1.000000
0.7047 1.000000 1.000000
0.7130 1.000000 1.000000
0.7212 1.000000 1.000000
0.7295 1.000000 1.000000
0.7377 1.000000 1.000000
0.7460 1.000000 1.000000
0.7542 1.000000 1.000000
0.7624 1.000000 1.000000
0.7707 1.000000 1.000000
0.7789 1.000000 1.000000
0.7872 1.000000 1.000000
0.7954 1.000000 1.000000
0.8037 1.000000 1.000000
0.8119 1.000000 1.000000
0.8201 1.000000 1.000000
0.8284 1.000000 1.000000
0.8366 1.000000 1.000000
0.8449 1.000000 1.000000
0.8531 1.000000 1.000000
0.8614 1.000000 1.000000
0.8696 1.000000 1.000000
0.8778 1.000000 1.000000
0.8861 1.000000 1.000000
0.8943 1.000000 1.000000
0.9026 1.000000 1.000000
0.9108 1.000000 1.000000
0.9191 1.000000 1.000000
0.9273 1.000000 1.000000
0.9355 1.000000 1.000000
0.9438 1.000000 1.000000
0.9520 1.000000 1.000000
0.9603 1.000000 1.000000
0.9685 1.000000 1.000000
0.9768 1.000000 1.000000
0.9850 1.000000 1.000000
