t F
-1.0000 0.000000
-0.9967 0.000000
-0.9933 0.000000
-0.9900 0.000000
-0.9866 0.000000
-0.9833 0.000000
-0.9800 0.000000
-0.9766 0.000000
-0.9733 0.000000
-0.9699 0.000000
-0.9666 0.000000
-0.9633 0.000000
-0.9599 0.000000
-0.9566 0.000000
-0.9533 0.000000
-0.9499 0.000000
-0.9466 0.000000
-0.9432 0.000000
-0.9399 0.000000
-0.9366 0.000000
-0.9332 0.000000
-0.9299 0.000000
-0.9265 0.000000
-0.9232 0.000000
-0.9199 0.000000
-0.9165 0.000000
-0.9132 0.000000
-0.9098 0.023932
-0.9065 0.023932
-0.9032 0.023932
-0.8998 0.023932
-0.8965 0.023932
-0.8932 0.023932
-0.8898 0.023932
-0.8865 0.023932
-0.8831 0.023932
-0.8798 0.023932
-0.8765 0.023932
-0.8731 0.023932
-0.8698 0.023932
-0.8664 0.023932
-0.8631 0.023932
-0.8598 0.023932
-0.8564 0.023932
-0.8531 0.023932
-0.8497 0.023932
-0.8464 0.023932
-0.8431 0.023932
-0.8397 0.023932
-0.8364 0.023932
-0.8331 0.023932
-0.8297 0.023932
-0.8264 0.023932
-0.8230 0.023932
-0.8197 0.023932
-0.8164 0.023932
-0.8130 0.023932
-0.8097 0.023932
-0.8063 0.023932
-0.8030 0.023932
-0.7997 0.025607
-0.7963 0.025607
-0.7930 0.025607
-0.7896 0.025607
-0.7863 0.025607
-0.7830 0.025607
-0.7796 0.025607
-0.7763 0.025607
-0.7730 0.025607
-0.7696 0.025607
-0.7663 0.025607
-0.7629 0.025607
-0.7596 0.025607
-0.7563 0.025607
-0.7529 0.025607
-0.7496 0.025607
-0.7462 0.025607
-0.7429 0.025607
-0.7396 0.025607
-0.7362 0.025607
-0.7329 0.025607
-0.7295 0.025607
-0.7262 0.025607
-0.7229 0.025607
-0.7195 0.025607
-0.7162 0.025607
-0.7129 0.025607
-0.7095 0.025607
-0.7062 0.025607
-0.7028 0.025607
-0.6995 0.025607
-0.6962 0.025607
-0.6928 0.025607
-0.6895 0.025607
-0.6861 0.025607
-0.6828 0.025607
-0.6795 0.025607
-0.6761 0.025607
-0.6728 0.025607
-0.6694 0.025607
-0.6661 0.025607
-0.6628 0.025607
-0.6594 0.025607
-0.6561 0.025607
-0.6528 0.025607
-0.6494 0.025607
-0.6461 0.025607
-0.6427 0.025607
-0.6394 0.025607
-0.6361 0.025607
-0.6327 0.025607
-0.6294 0.025607
-0.6260 0.025607
-0.6227 0.025607
-0.6194 0.025607
-0.6160 0.025607
-0.6127 0.025607
-0.6093 0.025607
-0.6060 0.025607
-0.6027 0.025607
-0.5993 0.025607
-0.5960 0.025607
-0.5927 0.025607
-0.5893 0.025607
-0.5860 0.025607
-0.5826 0.025607
-0.5793 0.803700
-0.5760 0.803700
-0.5726 0.803700
-0.5693 0.803700
-0.5659 0.803700
-0.5626 0.803700
-0.5593 0.803700
-0.5559 0.803700
-0.5526 0.803700
-0.5492 0.803700
-0.5459 0.803700
-0.5426 0.803700
-0.5392 0.803700
-0.5359 0.995211
-0.5326 0.995211
-0.5292 0.995211
-0.5259 0.995211
-0.5225 0.995211
-0.5192 0.995211
-0.5159 0.995211
-0.5125 0.995211
-0.5092 0.995211
-0.5058 0.995211
-0.5025 0.995211
-0.4992 0.995211
-0.4958 0.995211
-0.4925 0.995211
-0.4891 0.995211
-0.4858 0.995211
-0.4825 0.995211
-0.4791 0.995211
-0.4758 0.995211
-0.4725 0.995211
-0.4691 1.000000
-0.4658 1.000000
-0.4624 1.000000
-0.4591 1.000000
-0.4558 1.000000
-0.4524 1.000000
-0.4491 1.000000
-0.4457 1.000000
-0.4424 1.000000
-0.4391 1.000000
-0.4357 1.000000
-0.4324 1.000000
-0.4290 1.000000
-0.4257 1.000000
-0.4224 1.000000
-0.4190 1.000000
-0.4157 1.000000
-0.4124 1.000000
-0.4090 1.000000
-0.4057 1.000000
-0.4023 1.000000
-0.3990 1.000000
-0.3957 1.000000
-0.3923 1.000000
-0.3890 1.000000
-0.3856 1.000000
-0.3823 1.000000
-0.3790 1.000000
-0.3756 1.000000
-0.3723 1.000000
-0.3689 1.000000
-0.3656 1.000000
-0.3623 1.000000
-0.3589 1.000000
-0.3556 1.000000
-0.3523 1.000000
-0.3489 1.000000
-0.3456 1.000000
-0.3422 1.000000
-0.3389 1.000000
-0.3356 1.000000
-0.3322 1.000000
-0.3289 1.000000
-0.3255 1.000000
-0.3222 1.000000
-0.3189 1.000000
-0.3155 1.000000
-0.3122 1.000000
-0.3088 1.000000
-0.3055 1.000000
-0.3022 1.000000
-0.2988 1.000000
-0.2955 1.000000
-0.2922 1.000000
-0.2888 1.000000
-0.2855 1.000000
-0.2821 1.000000
-0.2788 1.000000
-0.2755 1.000000
-0.2721 1.000000
-0.2688 1.000000
-0.2654 1.000000
-0.2621 1.000000
-0.2588 1.000000
-0.2554 1.000000
-0.2521 1.000000
-0.2487 1.000000
-0.2454 1.000000
-0.2421 1.000000
-0.2387 1.000000
-0.2354 1.000000
-0.2321 1.000000
-0.2287 1.000000
-0.2254 1.000000
-0.2220 1.000000
-0.2187 1.000000
-0.2154 1.000000
-0.2120 1.000000
-0.2087 1.000000
-0.2053 1.000000
-0.2020 1.000000
-0.1987 1.000000
-0.1953 1.000000
-0.1920 1.000000
-0.1886 1.000000
-0.1853 1.000000
-0.1820 1.000000
-0.1786 1.000000
-0.1753 1.000000
-0.1720 1.000000
-0.1686 1.000000
-0.1653 1.000000
-0.1619 1.000000
-0.1586 1.000000
-0.1553 1.000000
-0.1519 1.000000
-0.1486 1.000000
-0.1452 1.000000
-0.1419 1.000000
-0.1386 1.000000
-0.1352 1.000000
-0.1319 1.000000
-0.1285 1.000000
-0.1252 1.000000
-0.1219 1.000000
-0.1185 1.000000
-0.1152 1.000000
-0.1119 1.000000
-0.1085 1.000000
-0.1052 1.000000
-0.1018 1.000000
-0.0985 1.000000
-0.0952 1.000000
-0.0918 1.000000
-0.0885 1.000000
-0.0851 1.000000
-0.0818 1.000000
-0.0785 1.000000
-0.0751 1.000000
-0.0718 1.000000
-0.0684 1.000000
-0.0651 1.000000
-0.0618 1.000000
-0.0584 1.000000
-0.0551 1.000000
-0.0518 1.000000
-0.0484 1.000000
-0.0451 1.000000
-0.0417 1.000000
-0.0384 1.000000
-0.0351 1.000000
-0.0317 1.000000
-0.0284 1.000000
-0.0250 1.000000
-0.0217 1.000000
-0.0184 1.000000
-0.0150 1.000000
-0.0117 1.000000
-0.0083 1.000000
-0.0050 1.000000
-0.0017 1.000000
0.0017 1.000000
0.0050 1.000000
0.0083 1.000000
0.0117 1.000000
0.0150 1.000000
0.0184 1.000000
0.0217 1.000000
0.0250 1.000000
0.0284 1.000000
0.0317 1.000000
0.0351 1.000000
0.0384 1.000000
0.0417 1.000000
0.0451 1.000000
0.0484 1.000000
0.0518 1.000000
0.0551 1.000000
0.0584 1.000000
0.0618 1.000000
0.0651 1.000000
0.0684 1.000000
0.0718 1.000000
0.0751 1.000000
0.0785 1.000000
0.0818 1.000000
0.0851 1.000000
0.0885 1.000000
0.0918 1.000000
0.0952 1.000000
0.0985 1.000000
0.1018 1.000000
0.1052 1.000000
0.1085 1.000000
0.1119 1.000000
0.1152 1.000000
0.1185 1.000000
0.1219 1.000000
0.1252 1.000000
0.1285 1.000000
0.1319 1.000000
0.1352 1.000000
0.1386 1.000000
0.1419 1.000000
0.1452 1.000000
0.1486 1.000000
0.1519 1.000000
0.1553 1.000000
0.1586 1.000000
0.1619 1.000000
0.1653 1.000000
0.1686 1.000000
0.1720 1.000000
0.1753 1.000000
0.1786 1.000000
0.1820 1.000000
0.1853 1.000000
0.1886 1.000000
0.1920 1.000000
0.1953 1.000000
0.1987 1.000000
0.2020 1.000000
0.2053 1.000000
0.2087 1.000000
0.2120 1.000000
0.2154 1.000000
0.2187 1.000000
0.2220 1.000000
0.2254 1.000000
0.2287 1.000000
0.2321 1.000000
0.2354 1.000000
0.2387 1.000000
0.2421 1.000000
0.2454 1.000000
0.2487 1.000000
0.2521 1.000000
0.2554 1.000000
0.2588 1.000000
0.2621 1.000000
0.2654 1.000000
0.2688 1.000000
0.2721 1.000000
0.2755 1.000000
0.2788 1.000000
0.2821 1.000000
0.2855 1.000000
0.2888 1.000000
0.2922 1.000000
0.2955 1.000000
0.2988 1.000000
0.3022 1.000000
0.3055 1.000000
0.3088 1.000000
0.3122 1.000000
0.3155 1.000000
0.3189 1.000000
0.3222 1.000000
0.3255 1.000000
0.3289 1.000000
0.3322 1.000000
0.3356 1.000000
0.3389 1.000000
0.3422 1.000000
0.3456 1.000000
0.3489 1.000000
0.3523 1.000000
0.3556 1.000000
0.3589 1.000000
0.3623 1.000000
0.3656 1.000000
0.3689 1.000000
0.3723 1.000000
0.3756 1.000000
0.3790 1.000000
0.3823 1.000000
0.3856 1.000000
0.3890 1.000000
0.3923 1.000000
0.3957 1.000000
0.3990 1.000000
0.4023 1.000000
0.4057 1.000000
0.4090 1.000000
0.4124 1.000000
0.4157 1.000000
0.4190 1.000000
0.4224 1.000000
0.4257 1.000000
0.4290 1.000000
0.4324 1.000000
0.4357 1.000000
0.4391 1.000000
0.4424 1.000000
0.4457 1.000000
0.4491 1.000000
0.4524 1.000000
0.4558 1.000000
0.4591 1.000000
0.4624 1.000000
0.4658 1.000000
0.4691 1.000000
0.4725 1.000000
0.4758 1.000000
0.4791 1.000000
0.4825 1.000000
0.4858 1.000000
0.4891 1.000000
0.4925 1.000000
0.4958 1.000000
0.4992 1.000000
0.5025 1.000000
0.5058 1.000000
0.5092 1.000000
0.5125 1.000000
0.5159 1.000000
0.5192 1.000000
0.5225 1.000000
0.5259 1.000000
0.5292 1.000000
0.5326 1.000000
0.5359 1.000000
0.5392 1.000000
0.5426 1.000000
0.5459 1.000000
0.5492 1.000000
0.5526 1.000000
0.5559 1.000000
0.5593 1.000000
0.5626 1.000000
0.5659 1.000000
0.5693 1.000000
0.5726 1.000000
0.5760 1.000000
0.5793 1.000000
0.5826 1.000000
0.5860 1.000000
0.5893 1.000000
0.5927 1.000000
0.5960 1.000000
0.5993 1.000000
0.6027 1.000000
0.6060 1.000000
0.6093 1.000000
0.6127 1.000000
0.6160 1.000000
0.6194 1.000000
0.6227 1.000000
0.6260 1.000000
0.6294 1.000000
0.6327 1.000000
0.6361 1.000000
0.6394 1.000000
0.6427 1.000000
0.6461 1.000000
0.6494 1.000000
0.6528 1.000000
0.6561 1.000000
0.6594 1.000000
0.6628 1.000000
0.6661 1.000000
0.6694 1.000000
0.6728 1.000000
0.6761 1.000000
0.6795 1.000000
0.6828 1.000000
0.6861 1.000000
0.6895 1.000000
0.6928 1.000000
0.6962 1.000000
0.6995 1.000000
0.7028 1.000000
0.7062 1.000000
0.7095 1.000000
0.7129 1.000000
0.7162 1.000000
0.7195 1.000000
0.7229 1.000000
0.7262 1.000000
0.7295 1.000000
0.7329 1.000000
0.7362 1.000000
0.7396 1.000000
0.7429 1.000000
0.7462 1.000000
0.7496 1.000000
0.7529 1.000000
0.7563 1.000000
0.7596 1.000000
0.7629 1.000000
0.7663 1.000000
0.7696 1.000000
0.7730 1.000000
0.7763 1.000000
0.7796 1.000000
0.7830 1.000000
0.7863 1.000000
0.7896 1.000000
0.7930 1.000000
0.7963 1.000000
0.7997 1.000000
0.8030 1.000000
0.8063 1.000000
0.8097 1.000000
0.8130 1.000000
0.8164 1.000000
0.8197 1.000000
0.8230 1.000000
0.8264 1.000000
0.8297 1.000000
0.8331 1.000000
0.8364 1.000000
0.8397 1.000000
0.8431 1.000000
0.8464 1.000000
0.8497 1.000000
0.8531 1.000000
0.8564 1.000000
0.8598 1.000000
0.8631 1.000000
0.8664 1.000000
0.8698 1.000000
0.8731 1.000000
0.8765 1.000000
0.8798 1.000000
0.8831 1.000000
0.8865 1.000000
0.8898 1.000000
0.8932 1.000000
0.8965 1.000000
0.8998 1.000000
0.9032 1.000000
0.9065 1.000000
0.9098 1.000000
0.9132 1.000000
0.9165 1.000000
0.9199 1.000000
0.9232 1.000000
0.9265 1.000000
0.9299 1.000000
0.9332 1.000000
0.9366 1.000000
0.9399 1.000000
0.9432 1.000000
0.9466 1.000000
0.9499 1.000000
0.9533 1.000000
0.9566 1.000000
0.9599 1.000000
0.9633 1.000000
0.9666 1.000000
0.9699 1.000000
0.9733 1.000000
0.9766 1.000000
0.9800 1.000000
0.9833 1.000000
0.9866 1.000000
0.9900 1.000000
0.9933 1.000000
0.9967 1.000000
1.0000 1.000000
