t Flo Fhi
-0.9850 0.000000 0.009032
-0.9768 0.000000 0.010107
-0.9685 0.000000 0.011316
-0.9603 0.000000 0.012670
-0.9520 0.000000 0.014181
-0.9438 0.000000 0.015854
-0.9355 0.000000 0.017691
-0.9273 0.000000 0.019687
-0.9191 0.000000 0.021826
-0.9108 0.000000 0.024083
-0.9026 0.000000 0.026420
-0.8943 0.000000 0.028786
-0.8861 0.000000 0.031122
-0.8778 0.000000 0.033366
-0.8696 0.000000 0.035456
-0.8614 0.000003 0.037341
-0.8531 0.000044 0.039018
-0.8449 0.000184 0.040530
-0.8366 0.000469 0.041921
-0.8284 0.000919 0.043232
-0.8201 0.001532 0.044495
-0.8119 0.002293 0.045736
-0.8037 0.003175 0.046978
-0.7954 0.004151 0.048243
-0.7872 0.005191 0.049549
-0.7789 0.006269 0.050917
-0.7707 0.007362 0.052368
-0.7624 0.008453 0.053923
-0.7542 0.009528 0.055609
-0.7460 0.010575 0.057454
-0.7377 0.011587 0.059494
-0.7295 0.012560 0.061771
-0.7212 0.013491 0.064336
-0.7130 0.014379 0.067256
-0.7047 0.015222 0.070614
-0.6965 0.016023 0.074517
-0.6883 0.016783 0.079107
-0.6800 0.017503 0.084576
-0.6718 0.018185 0.091182
-0.6635 0.018832 0.099290
-0.6553 0.019447 0.109419
-0.6471 0.020032 0.122330
-0.6388 0.020591 0.139173
-0.6306 0.021127 0.161742
-0.6223 0.021644 0.192927
-0.6141 0.022150 0.237539
-0.6058 0.022656 0.303769
-0.5976 0.023180 0.405321
-0.5894 0.023772 0.561682
-0.5811 0.024589 0.779754
-0.5729 0.026682 0.974293
-0.5646 0.089146 1.000000
-0.5564 0.333440 1.000000
-0.5481 0.567720 1.000000
-0.5399 0.721502 1.000000
-0.5317 0.814423 1.000000
-0.5234 0.871233 1.000000
-0.5152 0.907273 1.000000
-0.5069 0.931072 1.000000
-0.4987 0.947378 1.000000
-0.4904 0.958917 1.000000
-0.4822 0.967312 1.000000
-0.4740 0.973567 1.000000
-0.4657 0.978326 1.000000
-0.4575 0.982011 1.000000
-0.4492 0.984911 1.000000
-0.4410 0.987223 1.000000
-0.4327 0.989091 1.000000
-0.4245 0.990616 1.000000
-0.4163 0.991873 1.000000
-0.4080 0.992918 1.000000
-0.3998 0.993795 1.000000
-0.3915 0.994535 1.000000
-0.3833 0.995164 1.000000
-0.3750 0.995703 1.000000
-0.3668 0.996166 1.000000
-0.3586 0.996567 1.000000
-0.3503 0.996915 1.000000
-0.3421 0.997219 1.000000
-0.3338 0.997485 1.000000
-0.3256 0.997719 1.000000
-0.3173 0.997926 1.000000
-0.3091 0.998110 1.000000
-0.3009 0.998273 1.000000
-0.2926 0.998419 1.000000
-0.2844 0.998549 1.000000
-0.2761 0.998666 1.000000
-0.2679 0.998771 1.000000
-0.2596 0.998866 1.000000
-0.2514 0.998951 1.000000
-0.2432 0.999029 1.000000
-0.2349 0.999099 1.000000
-0.2267 0.999163 1.000000
-0.2184 0.999221 1.000000
-0.2102 0.999275 1.000000
-0.2019 0.999323 1.000000
-0.1937 0.999368 1.000000
-0.1855 0.999409 1.000000
-0.1772 0.999447 1.000000
-0.1690 0.999481 1.000000
-0.1607 0.999513 1.000000
-0.1525 0.999543 1.000000
-0.1442 0.999570 1.000000
-0.1360 0.999595 1.000000
-0.1278 0.999619 1.000000
-0.1195 0.999640 1.000000
-0.1113 0.999661 1.000000
-0.1030 0.999679 1.000000
-0.0948 0.999697 1.000000
-0.0865 0.999713 1.000000
-0.0783 0.999728 1.000000
-0.0701 0.999742 1.000000
-0.0618 0.999756 1.000000
-0.0536 0.999768 1.000000
-0.0453 0.999780 1.000000
-0.0371 0.999791 1.000000
-0.0288 0.999801 1.000000
-0.0206 0.999810 1.000000
-0.0124 0.999820 1.000000
-0.0041 0.999828 1.000000
0.0041 0.999836 1.000000
0.0124 0.999844 1.000000
0.0206 0.999851 1.000000
0.0288 0.999857 1.000000
0.0371 0.999864 1.000000
0.0453 0.999870 1.000000
0.0536 0.999875 1.000000
0.0618 0.999881 1.000000
0.0701 0.999886 1.000000
0.0783 0.999891 1.000000
0.0865 0.999895 1.000000
0.0948 0.999899 1.000000
0.1030 0.999903 1.000000
0.1113 0.999907 1.000000
0.1195 0.999911 1.000000
0.1278 0.999915 1.000000
0.1360 0.999918 1.000000
0.1442 0.999921 1.000000
0.1525 0.999924 1.000000
0.1607 0.999927 1.000000
0.1690 0.999930 1.000000
0.1772 0.999932 1.000000
0.1855 0.999935 1.000000
0.1937 0.999937 1.000000
0.2019 0.999939 1.000000
0.2102 0.999942 1.000000
0.2184 0.999944 1.000000
0.2267 0.999946 1.000000
0.2349 0.999948 1.000000
0.2432 0.999949 1.000000
0.2514 0.999951 1.000000
0.2596 0.999953 1.000000
0.2679 0.999954 1.000000
0.2761 0.999956 1.000000
0.2844 0.999957 1.000000
0.2926 0.999959 1.000000
0.3009 0.999960 1.000000
0.3091 0.999961 1.000000
0.3173 0.999963 1.000000
0.3256 0.999964 1.000000
0.3338 0.999965 1.000000
0.3421 0.999966 1.000000
0.3503 0.999967 1.000000
0.3586 0.999968 1.000000
0.3668 0.999969 1.000000
0.3750 0.999970 1.000000
0.3833 0.999971 1.000000
0.3915 0.999972 1.000000
0.3998 0.999973 1.000000
0.4080 0.999973 1.000000
0.4163 0.999974 1.000000
0.4245 0.999975 1.000000
0.4327 0.999976 1.000000
0.4410 0.999976 1.000000
0.4492 0.999977 1.000000
0.4575 0.999978 1.000000
0.4657 0.999978 1.000000
0.4740 0.999979 1.000000
0.4822 0.999979 1.000000
0.4904 0.999980 1.000000
0.4987 0.999981 1.000000
0.5069 0.999981 1.000000
0.5152 0.999982 1.000000
0.5234 0.999982 1.000000
0.5317 0.999983 1.000000
0.5399 0.999983 1.000000
0.5481 0.999983 1.000000
0.5564 0.999984 1.000000
0.5646 0.999984 1.000000
0.5729 0.999985 1.000000
0.5811 0.999985 1.000000
0.5894 0.999985 1.000000
0.5976 0.999986 1.000000
0.6058 0.999986 1.000000
0.6141 0.999987 1.000000
0.6223 0.999987 1.000000
0.6306 0.999987 1.000000
0.6388 0.999987 1.000000
0.6471 0.999988 1.000000
0.6553 0.999988 1.000000
0.6635 0.999988 1.000000
0.6718 0.999989 1.000000
0.6800 0.999989 1.000000
0.6883 0.999989 1.000000
0.6965 0.999989 1.000000
0.7047 0.999990 1.000000
0.7130 0.999990 1.000000
0.7212 0.999990 1.000000
0.7295 0.999990 1.000000
0.7377 0.999991 1.000000
0.7460 0.999991 1.000000
0.7542 0.999991 1.000000
0.7624 0.999991 1.000000
0.7707 0.999991 1.000000
0.7789 0.999992 1.000000
0.7872 0.999992 1.000000
0.7954 0.999992 1.000000
0.8037 0.999992 1.000000
0.8119 0.999992 1.000000
0.8201 0.999992 1.000000
0.8284 0.999993 1.000000
0.8366 0.999993 1.000000
0.8449 0.999993 1.000000
0.8531 0.999993 1.000000
0.8614 0.999993 1.000000
0.8696 0.999993 1.000000
0.8778 0.999993 1.000000
0.8861 0.999994 1.000000
0.8943 0.999994 1.000000
0.9026 0.999994 1.000000
0.9108 0.999994 1.000000
0.9191 0.999994 1.000000
0.9273 0.999994 1.000000
0.9355 0.999994 1.000000
0.9438 0.999994 1.000000
0.9520 0.999995 1.000000
0.9603 0.999995 1.000000
0.9685 0.999995 1.000000
0.9768 0.999995 1.000000
0.9850 0.999995 1.000000
