q om
0.1667 0.3927
0.1736 0.4075
0.1806 0.4221
0.1876 0.4365
0.1946 0.4507
0.2015 0.4647
0.2085 0.4785
0.2155 0.4920
0.2225 0.5053
0.2294 0.5183
0.2364 0.5311
0.2434 0.5437
0.2503 0.5560
0.2573 0.5680
0.2643 0.5797
0.2713 0.5912
0.2782 0.6024
0.2852 0.6133
0.2922 0.6239
0.2992 0.6342
0.3061 0.6442
0.3131 0.6539
0.3201 0.6632
0.3271 0.6723
0.3340 0.6810
0.3410 0.6894
0.3480 0.6975
0.3550 0.7053
0.3619 0.7127
0.3689 0.7197
0.3759 0.7264
0.3828 0.7328
0.3898 0.7388
0.3968 0.7445
0.4038 0.7498
0.4107 0.7547
0.4177 0.7593
0.4247 0.7635
0.4317 0.7674
0.4386 0.7708
0.4456 0.7740
0.4526 0.7767
0.4596 0.7791
0.4665 0.7811
0.4735 0.7827
0.4805 0.7839
0.4874 0.7848
0.4944 0.7853
0.5014 0.7854
0.5084 0.7851
0.5153 0.7845
0.5223 0.7835
0.5293 0.7821
0.5363 0.7803
0.5432 0.7782
0.5502 0.7756
0.5572 0.7728
0.5642 0.7695
0.5711 0.7659
0.5781 0.7619
0.5851 0.7575
0.5921 0.7528
0.5990 0.7477
0.6060 0.7423
0.6130 0.7365
0.6199 0.7303
0.6269 0.7238
0.6339 0.7169
0.6409 0.7097
0.6478 0.7022
0.6548 0.6943
0.6618 0.6861
0.6688 0.6776
0.6757 0.6687
0.6827 0.6595
0.6897 0.6500
0.6967 0.6402
0.7036 0.6301
0.7106 0.6197
0.7176 0.6090
0.7245 0.5979
0.7315 0.5866
0.7385 0.5751
0.7455 0.5632
0.7524 0.5511
0.7594 0.5387
0.7664 0.5260
0.7734 0.5131
0.7803 0.5000
0.7873 0.4866
0.7943 0.4730
0.8013 0.4591
0.8082 0.4451
0.8152 0.4308
0.8222 0.4163
0.8291 0.4016
0.8361 0.3867
0.8431 0.3717
0.8501 0.3564
0.8570 0.3410
0.8640 0.3254
0.8710 0.3097
0.8780 0.2938
0.8849 0.2778
0.8919 0.2616
0.8989 0.2453
0.9059 0.2289
0.9128 0.2124
0.9198 0.1958
0.9268 0.1791
0.9338 0.1623
0.9407 0.1454
0.9477 0.1285
0.9547 0.1115
0.9616 0.0944
0.9686 0.0773
0.9756 0.0602
0.9826 0.0430
0.9895 0.0258
0.9965 0.0086
1.0035 0.0086
1.0105 0.0258
1.0174 0.0430
1.0244 0.0602
1.0314 0.0773
1.0384 0.0944
1.0453 0.1115
1.0523 0.1285
1.0593 0.1454
1.0662 0.1623
1.0732 0.1791
1.0802 0.1958
1.0872 0.2124
1.0941 0.2289
1.1011 0.2453
1.1081 0.2616
1.1151 0.2778
1.1220 0.2938
1.1290 0.3097
1.1360 0.3254
1.1430 0.3410
1.1499 0.3564
1.1569 0.3717
1.1639 0.3867
1.1709 0.4016
1.1778 0.4163
1.1848 0.4308
1.1918 0.4451
1.1987 0.4591
1.2057 0.4730
1.2127 0.4866
1.2197 0.5000
1.2266 0.5131
1.2336 0.5260
1.2406 0.5387
1.2476 0.5511
1.2545 0.5632
1.2615 0.5751
1.2685 0.5866
1.2755 0.5979
1.2824 0.6090
1.2894 0.6197
1.2964 0.6301
1.3033 0.6402
1.3103 0.6500
1.3173 0.6595
1.3243 0.6687
1.3312 0.6776
1.3382 0.6861
1.3452 0.6943
1.3522 0.7022
1.3591 0.7097
1.3661 0.7169
1.3731 0.7238
1.3801 0.7303
1.3870 0.7365
1.3940 0.7423
1.4010 0.7477
1.4079 0.7528
1.4149 0.7575
1.4219 0.7619
1.4289 0.7659
1.4358 0.7695
1.4428 0.7728
1.4498 0.7756
1.4568 0.7782
1.4637 0.7803
1.4707 0.7821
1.4777 0.7835
1.4847 0.7845
1.4916 0.7851
1.4986 0.7854
1.5056 0.7853
1.5126 0.7848
1.5195 0.7839
1.5265 0.7827
1.5335 0.7811
1.5404 0.7791
1.5474 0.7767
1.5544 0.7740
1.5614 0.7708
1.5683 0.7674
1.5753 0.7635
1.5823 0.7593
1.5893 0.7547
1.5962 0.7498
1.6032 0.7445
1.6102 0.7388
1.6172 0.7328
1.6241 0.7264
1.6311 0.7197
1.6381 0.7127
1.6450 0.7053
1.6520 0.6975
1.6590 0.6894
1.6660 0.6810
1.6729 0.6723
1.6799 0.6632
1.6869 0.6539
1.6939 0.6442
1.7008 0.6342
1.7078 0.6239
1.7148 0.6133
1.7218 0.6024
1.7287 0.5912
1.7357 0.5797
1.7427 0.5680
1.7497 0.5560
1.7566 0.5437
1.7636 0.5311
1.7706 0.5183
1.7775 0.5053
1.7845 0.4920
1.7915 0.4785
1.7985 0.4647
1.8054 0.4507
1.8124 0.4365
1.8194 0.4221
1.8264 0.4075
1.8333 0.3927
