q om
0.1667 0.4066
0.1736 0.4231
0.1806 0.4397
0.1876 0.4562
0.1946 0.4726
0.2015 0.4890
0.2085 0.5053
0.2155 0.5216
0.2225 0.5378
0.2294 0.5539
0.2364 0.5700
0.2434 0.5860
0.2503 0.6019
0.2573 0.6178
0.2643 0.6336
0.2713 0.6493
0.2782 0.6649
0.2852 0.6804
0.2922 0.6959
0.2992 0.7113
0.3061 0.7266
0.3131 0.7418
0.3201 0.7569
0.3271 0.7719
0.3340 0.7869
0.3410 0.8017
0.3480 0.8165
0.3550 0.8311
0.3619 0.8457
0.3689 0.8601
0.3759 0.8745
0.3828 0.8887
0.3898 0.9029
0.3968 0.9169
0.4038 0.9308
0.4107 0.9446
0.4177 0.9583
0.4247 0.9719
0.4317 0.9853
0.4386 0.9987
0.4456 1.0119
0.4526 1.0250
0.4596 1.0380
0.4665 1.0508
0.4735 1.0635
0.4805 1.0761
0.4874 1.0886
0.4944 1.1009
0.5014 1.1132
0.5084 1.1252
0.5153 1.1372
0.5223 1.1490
0.5293 1.1606
0.5363 1.1722
0.5432 1.1835
0.5502 1.1948
0.5572 1.2059
0.5642 1.2168
0.5711 1.2276
0.5781 1.2383
0.5851 1.2488
0.5921 1.2592
0.5990 1.2694
0.6060 1.2794
0.6130 1.2893
0.6199 1.2991
0.6269 1.3087
0.6339 1.3181
0.6409 1.3274
0.6478 1.3365
0.6548 1.3455
0.6618 1.3543
0.6688 1.3629
0.6757 1.3714
0.6827 1.3797
0.6897 1.3878
0.6967 1.3958
0.7036 1.4036
0.7106 1.4113
0.7176 1.4187
0.7245 1.4260
0.7315 1.4332
0.7385 1.4401
0.7455 1.4469
0.7524 1.4535
0.7594 1.4600
0.7664 1.4662
0.7734 1.4723
0.7803 1.4782
0.7873 1.4839
0.7943 1.4895
0.8013 1.4949
0.8082 1.5001
0.8152 1.5051
0.8222 1.5099
0.8291 1.5146
0.8361 1.5190
0.8431 1.5233
0.8501 1.5274
0.8570 1.5314
0.8640 1.5351
0.8710 1.5387
0.8780 1.5420
0.8849 1.5452
0.8919 1.5482
0.8989 1.5510
0.9059 1.5537
0.9128 1.5561
0.9198 1.5583
0.9268 1.5604
0.9338 1.5623
0.9407 1.5640
0.9477 1.5655
0.9547 1.5668
0.9616 1.5679
0.9686 1.5689
0.9756 1.5696
0.9826 1.5702
0.9895 1.5706
0.9965 1.5708
1.0035 1.5708
1.0105 1.5706
1.0174 1.5702
1.0244 1.5696
1.0314 1.5689
1.0384 1.5679
1.0453 1.5668
1.0523 1.5655
1.0593 1.5640
1.0662 1.5623
1.0732 1.5604
1.0802 1.5583
1.0872 1.5561
1.0941 1.5537
1.1011 1.5510
1.1081 1.5482
1.1151 1.5452
1.1220 1.5420
1.1290 1.5387
1.1360 1.5351
1.1430 1.5314
1.1499 1.5274
1.1569 1.5233
1.1639 1.5190
1.1709 1.5146
1.1778 1.5099
1.1848 1.5051
1.1918 1.5001
1.1987 1.4949
1.2057 1.4895
1.2127 1.4839
1.2197 1.4782
1.2266 1.4723
1.2336 1.4662
1.2406 1.4600
1.2476 1.4535
1.2545 1.4469
1.2615 1.4401
1.2685 1.4332
1.2755 1.4260
1.2824 1.4187
1.2894 1.4113
1.2964 1.4036
1.3033 1.3958
1.3103 1.3878
1.3173 1.3797
1.3243 1.3714
1.3312 1.3629
1.3382 1.3543
1.3452 1.3455
1.3522 1.3365
1.3591 1.3274
1.3661 1.3181
1.3731 1.3087
1.3801 1.2991
1.3870 1.2893
1.3940 1.2794
1.4010 1.2694
1.4079 1.2592
1.4149 1.2488
1.4219 1.2383
1.4289 1.2276
1.4358 1.2168
1.4428 1.2059
1.4498 1.1948
1.4568 1.1835
1.4637 1.1722
1.4707 1.1606
1.4777 1.1490
1.4847 1.1372
1.4916 1.1252
1.4986 1.1132
1.5056 1.1009
1.5126 1.0886
1.5195 1.0761
1.5265 1.0635
1.5335 1.0508
1.5404 1.0380
1.5474 1.0250
1.5544 1.0119
1.5614 0.9987
1.5683 0.9853
1.5753 0.9719
1.5823 0.9583
1.5893 0.9446
1.5962 0.9308
1.6032 0.9169
1.6102 0.9029
1.6172 0.8887
1.6241 0.8745
1.6311 0.8601
1.6381 0.8457
1.6450 0.8311
1.6520 0.8165
1.6590 0.8017
1.6660 0.7869
1.6729 0.7719
1.6799 0.7569
1.6869 0.7418
1.6939 0.7266
1.7008 0.7113
1.7078 0.6959
1.7148 0.6804
1.7218 0.6649
1.7287 0.6493
1.7357 0.6336
1.7427 0.6178
1.7497 0.6019
1.7566 0.5860
1.7636 0.5700
1.7706 0.5539
1.7775 0.5378
1.7845 0.5216
1.7915 0.5053
1.7985 0.4890
1.8054 0.4726
1.8124 0.4562
1.8194 0.4397
1.8264 0.4231
1.8333 0.4066
