w A
2.3138 0.01414
2.3450 0.01497
2.3762 0.01588
2.4075 0.01688
2.4387 0.01798
2.4699 0.01919
2.5012 0.02053
2.5324 0.02203
2.5636 0.02370
2.5949 0.02558
2.6261 0.02769
2.6573 0.03008
2.6886 0.03280
2.7198 0.03592
2.7510 0.03951
2.7823 0.04368
2.8135 0.04854
2.8448 0.05428
2.8760 0.06108
2.9072 0.06924
2.9385 0.07912
2.9697 0.09119
3.0009 0.10611
3.0322 0.12475
3.0634 0.14827
3.0946 0.17817
3.1259 0.21630
3.1571 0.26462
3.1883 0.32437
3.2196 0.39409
3.2508 0.46620
3.2820 0.52437
3.3133 0.54813
3.3445 0.52731
3.3758 0.47157
3.4070 0.40134
3.4382 0.33324
3.4695 0.27514
3.5007 0.22868
3.5319 0.19272
3.5632 0.16538
3.5944 0.14491
3.6256 0.12992
3.6569 0.11940
3.6881 0.11269
3.7193 0.10944
3.7506 0.10955
3.7818 0.11317
3.8130 0.12065
3.8443 0.13254
3.8755 0.14926
3.9068 0.17063
3.9380 0.19470
3.9692 0.21646
4.0005 0.22836
4.0317 0.22456
4.0629 0.20607
4.0942 0.17973
4.1254 0.15260
4.1566 0.12870
4.1879 0.10927
4.2191 0.09414
4.2503 0.08267
4.2816 0.07422
4.3128 0.06825
4.3440 0.06441
4.3753 0.06251
4.4065 0.06248
4.4378 0.06433
4.4690 0.06807
4.5002 0.07346
4.5315 0.07965
4.5627 0.08483
4.5939 0.08662
4.6252 0.08366
4.6564 0.07679
4.6876 0.06827
4.7189 0.06005
4.7501 0.05310
4.7813 0.04767
4.8126 0.04365
4.8438 0.04084
4.8750 0.03909
4.9063 0.03824
4.9375 0.03822
4.9688 0.03897
5.0000 0.04044
5.0312 0.04260
5.0625 0.04554
5.0937 0.04950
5.1249 0.05487
5.1562 0.06211
5.1874 0.07173
5.2186 0.08421
5.2499 0.09973
5.2811 0.11758
5.3123 0.13535
5.3436 0.14866
5.3748 0.15328
5.4060 0.14857
5.4373 0.13814
5.4685 0.12645
5.4997 0.11569
5.5310 0.10551
5.5622 0.09469
5.5935 0.08294
5.6247 0.07117
5.6559 0.06050
5.6872 0.05147
5.7184 0.04414
5.7496 0.03830
5.7809 0.03366
5.8121 0.03000
5.8433 0.02709
5.8746 0.02479
5.9058 0.02299
5.9370 0.02161
5.9683 0.02059
5.9995 0.01990
6.0307 0.01954
6.0620 0.01950
6.0932 0.01983
6.1245 0.02057
6.1557 0.02179
6.1869 0.02358
6.2182 0.02598
6.2494 0.02893
6.2806 0.03209
6.3119 0.03473
6.3431 0.03590
6.3743 0.03513
6.4056 0.03286
6.4368 0.03004
6.4680 0.02749
6.4993 0.02560
6.5305 0.02452
6.5617 0.02429
6.5930 0.02490
6.6242 0.02640
6.6555 0.02886
6.6867 0.03228
6.7179 0.03648
6.7492 0.04085
6.7804 0.04426
6.8116 0.04547
6.8429 0.04414
6.8741 0.04116
6.9053 0.03788
6.9366 0.03531
6.9678 0.03389
6.9990 0.03362
7.0303 0.03418
7.0615 0.03485
7.0927 0.03475
7.1240 0.03339
7.1552 0.03105
7.1865 0.02846
7.2177 0.02619
7.2489 0.02439
7.2802 0.02281
7.3114 0.02108
7.3426 0.01905
7.3739 0.01683
7.4051 0.01470
7.4363 0.01282
7.4676 0.01126
7.4988 0.00998
7.5300 0.00895
7.5613 0.00812
7.5925 0.00745
7.6237 0.00691
7.6550 0.00647
7.6862 0.00613
7.7175 0.00586
7.7487 0.00568
7.7799 0.00557
7.8112 0.00555
7.8424 0.00561
7.8736 0.00577
7.9049 0.00601
7.9361 0.00628
7.9673 0.00649
7.9986 0.00652
8.0298 0.00630
8.0610 0.00587
8.0923 0.00535
8.1235 0.00483
8.1547 0.00438
8.1860 0.00401
8.2172 0.00371
8.2484 0.00347
8.2797 0.00328
8.3109 0.00313
8.3422 0.00300
8.3734 0.00287
8.4046 0.00274
8.4359 0.00261
8.4671 0.00249
8.4983 0.00239
8.5296 0.00230
8.5608 0.00221
8.5920 0.00214
8.6233 0.00207
8.6545 0.00201
8.6857 0.00194
8.7170 0.00188
8.7482 0.00182
8.7794 0.00177
8.8107 0.00172
8.8419 0.00167
8.8732 0.00163
8.9044 0.00159
8.9356 0.00156
8.9669 0.00153
8.9981 0.00150
9.0293 0.00147
9.0606 0.00144
9.0918 0.00142
9.1230 0.00140
9.1543 0.00138
9.1855 0.00136
9.2167 0.00134
9.2480 0.00133
9.2792 0.00132
9.3104 0.00132
9.3417 0.00132
9.3729 0.00133
9.4042 0.00134
9.4354 0.00136
9.4666 0.00140
9.4979 0.00144
9.5291 0.00151
9.5603 0.00159
9.5916 0.00169
9.6228 0.00178
9.6540 0.00183
9.6853 0.00182
9.7165 0.00175
9.7477 0.00164
9.7790 0.00152
9.8102 0.00141
9.8414 0.00132
9.8727 0.00124
9.9039 0.00118
9.9352 0.00114
9.9664 0.00111
9.9976 0.00108
10.0289 0.00107
10.0601 0.00106
10.0913 0.00106
10.1226 0.00106
10.1538 0.00105
10.1850 0.00103
10.2163 0.00101
10.2475 0.00100
10.2787 0.00099
10.3100 0.00098
10.3412 0.00097
10.3724 0.00095
10.4037 0.00092
10.4349 0.00089
10.4662 0.00086
10.4974 0.00083
10.5286 0.00080
10.5599 0.00078
10.5911 0.00076
10.6223 0.00074
10.6536 0.00072
10.6848 0.00071
10.7160 0.00070
10.7473 0.00069
10.7785 0.00068
10.8097 0.00067
10.8410 0.00066
10.8722 0.00065
10.9034 0.00064
10.9347 0.00064
10.9659 0.00063
10.9971 0.00062
11.0284 0.00062
11.0596 0.00061
11.0909 0.00061
11.1221 0.00060
11.1533 0.00060
11.1846 0.00060
11.2158 0.00060
11.2470 0.00060
11.2783 0.00059
11.3095 0.00059
11.3407 0.00059
11.3720 0.00058
11.4032 0.00057
11.4344 0.00056
11.4657 0.00055
11.4969 0.00055
11.5281 0.00054
11.5594 0.00053
11.5906 0.00052
11.6219 0.00052
11.6531 0.00051
11.6843 0.00051
11.7156 0.00050
11.7468 0.00050
11.7780 0.00049
11.8093 0.00048
11.8405 0.00048
11.8717 0.00047
11.9030 0.00047
11.9342 0.00046
11.9654 0.00046
11.9967 0.00045
12.0279 0.00045
12.0591 0.00044
12.0904 0.00044
12.1216 0.00043
12.1529 0.00042
12.1841 0.00042
12.2153 0.00041
12.2466 0.00041
12.2778 0.00040
12.3090 0.00040
12.3403 0.00040
12.3715 0.00039
12.4027 0.00039
12.4340 0.00038
12.4652 0.00038
12.4964 0.00038
12.5277 0.00037
12.5589 0.00037
12.5901 0.00037
12.6214 0.00036
12.6526 0.00036
12.6839 0.00036
12.7151 0.00036
12.7463 0.00035
12.7776 0.00035
12.8088 0.00035
12.8400 0.00034
12.8713 0.00034
12.9025 0.00034
12.9337 0.00034
12.9650 0.00033
12.9962 0.00033
13.0274 0.00033
13.0587 0.00033
13.0899 0.00032
13.1211 0.00032
13.1524 0.00032
13.1836 0.00032
13.2148 0.00031
13.2461 0.00031
13.2773 0.00031
13.3086 0.00031
13.3398 0.00030
13.3710 0.00030
13.4023 0.00030
13.4335 0.00030
13.4647 0.00029
13.4960 0.00029
13.5272 0.00029
13.5584 0.00029
13.5897 0.00029
13.6209 0.00028
13.6521 0.00028
13.6834 0.00028
13.7146 0.00028
13.7458 0.00028
13.7771 0.00027
13.8083 0.00027
13.8396 0.00027
13.8708 0.00027
13.9020 0.00027
13.9333 0.00026
13.9645 0.00026
13.9957 0.00026
14.0270 0.00026
14.0582 0.00026
14.0894 0.00026
14.1207 0.00025
14.1519 0.00025
14.1831 0.00025
14.2144 0.00025
14.2456 0.00025
14.2768 0.00025
14.3081 0.00024
14.3393 0.00024
14.3706 0.00024
14.4018 0.00024
14.4330 0.00024
14.4643 0.00024
14.4955 0.00023
14.5267 0.00023
14.5580 0.00023
14.5892 0.00023
14.6204 0.00023
14.6517 0.00023
14.6829 0.00023
14.7141 0.00022
14.7454 0.00022
14.7766 0.00022
14.8078 0.00022
14.8391 0.00022
14.8703 0.00022
14.9016 0.00022
14.9328 0.00022
14.9640 0.00021
14.9953 0.00021
15.0265 0.00021
15.0577 0.00021
15.0890 0.00021
15.1202 0.00021
15.1514 0.00021
15.1827 0.00021
15.2139 0.00020
15.2451 0.00020
15.2764 0.00020
15.3076 0.00020
15.3388 0.00020
15.3701 0.00020
15.4013 0.00020
15.4326 0.00020
15.4638 0.00019
15.4950 0.00019
15.5263 0.00019
15.5575 0.00019
15.5887 0.00019
15.6200 0.00019
15.6512 0.00019
15.6824 0.00019
15.7137 0.00019
15.7449 0.00018
15.7761 0.00018
15.8074 0.00018
15.8386 0.00018
15.8698 0.00018
15.9011 0.00018
15.9323 0.00018
15.9635 0.00018
15.9948 0.00018
16.0260 0.00018
16.0573 0.00017
16.0885 0.00017
16.1197 0.00017
16.1510 0.00017
16.1822 0.00017
16.2134 0.00017
16.2447 0.00017
16.2759 0.00017
16.3071 0.00017
16.3384 0.00017
16.3696 0.00017
16.4008 0.00016
16.4321 0.00016
16.4633 0.00016
16.4945 0.00016
16.5258 0.00016
16.5570 0.00016
16.5883 0.00016
16.6195 0.00016
16.6507 0.00016
16.6820 0.00016
16.7132 0.00016
16.7444 0.00016
16.7757 0.00015
16.8069 0.00015
16.8381 0.00015
16.8694 0.00015
16.9006 0.00015
16.9318 0.00015
16.9631 0.00015
16.9943 0.00015
17.0255 0.00015
17.0568 0.00015
17.0880 0.00015
17.1193 0.00015
17.1505 0.00015
17.1817 0.00014
17.2130 0.00014
17.2442 0.00014
17.2754 0.00014
17.3067 0.00014
17.3379 0.00014
17.3691 0.00014
17.4004 0.00014
17.4316 0.00014
17.4628 0.00014
17.4941 0.00014
17.5253 0.00014
17.5565 0.00014
17.5878 0.00014
17.6190 0.00014
17.6503 0.00013
17.6815 0.00013
17.7127 0.00013
17.7440 0.00013
17.7752 0.00013
17.8064 0.00013
17.8377 0.00013
17.8689 0.00013
17.9001 0.00013
17.9314 0.00013
17.9626 0.00013
17.9938 0.00013
18.0251 0.00013
18.0563 0.00013
18.0875 0.00013
18.1188 0.00013
18.1500 0.00013
18.1813 0.00012
18.2125 0.00012
18.2437 0.00012
18.2750 0.00012
18.3062 0.00012
18.3374 0.00012
18.3687 0.00012
18.3999 0.00012
18.4311 0.00012
18.4624 0.00012
18.4936 0.00012
18.5248 0.00012
18.5561 0.00012
18.5873 0.00012
18.6185 0.00012
18.6498 0.00012
18.6810 0.00012
18.7122 0.00012
18.7435 0.00011
18.7747 0.00011
18.8060 0.00011
18.8372 0.00011
18.8684 0.00011
18.8997 0.00011
18.9309 0.00011
18.9621 0.00011
18.9934 0.00011
19.0246 0.00011
19.0558 0.00011
19.0871 0.00011
19.1183 0.00011
19.1495 0.00011
19.1808 0.00011
19.2120 0.00011
19.2432 0.00011
19.2745 0.00011
19.3057 0.00011
19.3370 0.00011
19.3682 0.00011
19.3994 0.00010
19.4307 0.00010
19.4619 0.00010
19.4931 0.00010
19.5244 0.00010
19.5556 0.00010
19.5868 0.00010
19.6181 0.00010
19.6493 0.00010
19.6805 0.00010
19.7118 0.00010
19.7430 0.00010
19.7742 0.00010
19.8055 0.00010
19.8367 0.00010
19.8680 0.00010
19.8992 0.00010
19.9304 0.00010
19.9617 0.00010
19.9929 0.00010
20.0241 0.00010
20.0554 0.00010
20.0866 0.00010
20.1178 0.00010
20.1491 0.00010
20.1803 0.00009
20.2115 0.00009
20.2428 0.00009
20.2740 0.00009
20.3052 0.00009
20.3365 0.00009
20.3677 0.00009
20.3990 0.00009
20.4302 0.00009
20.4614 0.00009
20.4927 0.00009
20.5239 0.00009
20.5551 0.00009
20.5864 0.00009
20.6176 0.00009
20.6488 0.00009
20.6801 0.00009
20.7113 0.00009
20.7425 0.00009
20.7738 0.00009
20.8050 0.00009
20.8362 0.00009
20.8675 0.00009
20.8987 0.00009
20.9300 0.00009
20.9612 0.00009
20.9924 0.00009
21.0237 0.00009
