f dm1 d1 d2 d0
0.000 0.00000 0.00000 0.00000 0.000000e+00
5.000 15.42218 3.81486 4.72259 1.338776e-14
10.000 30.84437 7.62971 9.44518 2.677551e-14
15.000 46.26655 11.44457 14.16777 2.677551e-14
20.000 61.68874 15.25943 18.89036 2.677551e-14
25.000 77.11092 19.07428 23.61296 1.338776e-14
30.000 92.53311 22.88914 28.33555 2.677551e-14
35.000 107.95529 26.70399 33.05814 0.000000e+00
40.000 123.37747 30.51885 37.78073 1.338776e-14
45.000 138.79966 34.33371 42.50332 2.677551e-14
50.000 154.22184 38.14856 47.22591 0.000000e+00
