omega Atrue Awrong kernel
0.0000 0.003913 0.025478 1.030379
0.0250 0.003942 0.025957 1.030379
0.0501 0.003973 0.026451 1.030379
0.0751 0.004004 0.026960 1.030379
0.1002 0.004035 0.027483 1.030379
0.1252 0.004067 0.028024 1.030379
0.1503 0.004101 0.028580 1.030379
0.1753 0.004134 0.029155 1.030379
0.2003 0.004169 0.029747 1.030379
0.2254 0.004205 0.030359 1.030379
0.2504 0.004241 0.030990 1.028661
0.2755 0.004279 0.031642 0.935147
0.3005 0.004317 0.032316 0.857218
0.3255 0.004357 0.033012 0.791278
0.3506 0.004398 0.033732 0.734758
0.3756 0.004440 0.034476 0.685774
0.4007 0.004483 0.035247 0.642913
0.4257 0.004528 0.036045 0.605095
0.4508 0.004574 0.036871 0.571479
0.4758 0.004622 0.037727 0.541401
0.5008 0.004672 0.038614 0.514331
0.5259 0.004723 0.039534 0.489839
0.5509 0.004777 0.040488 0.467573
0.5760 0.004832 0.041479 0.447244
0.6010 0.004890 0.042508 0.428609
0.6260 0.004950 0.043577 0.411465
0.6511 0.005013 0.044688 0.395639
0.6761 0.005079 0.045844 0.380986
0.7012 0.005148 0.047047 0.367379
0.7262 0.005220 0.048299 0.354711
0.7513 0.005296 0.049604 0.342887
0.7763 0.005376 0.050964 0.331826
0.8013 0.005461 0.052383 0.321457
0.8264 0.005549 0.053863 0.311716
0.8514 0.005643 0.055409 0.302547
0.8765 0.005743 0.057025 0.293903
0.9015 0.005848 0.058714 0.285739
0.9265 0.005960 0.060482 0.278017
0.9516 0.006079 0.062332 0.270700
0.9766 0.006204 0.064271 0.263759
1.0017 0.006338 0.066303 0.257165
1.0267 0.006479 0.068434 0.250893
1.0518 0.006629 0.070669 0.244919
1.0768 0.006787 0.073017 0.239224
1.1018 0.006953 0.075481 0.233787
1.1269 0.007126 0.078071 0.228591
1.1519 0.007306 0.080791 0.223622
1.1770 0.007490 0.083650 0.218864
1.2020 0.007677 0.086654 0.214304
1.2270 0.007863 0.089810 0.209931
1.2521 0.008045 0.093126 0.205732
1.2771 0.008220 0.096609 0.201698
1.3022 0.008382 0.100269 0.197819
1.3272 0.008529 0.104116 0.194087
1.3523 0.008656 0.108161 0.190493
1.3773 0.008762 0.112419 0.187029
1.4023 0.008846 0.116908 0.183690
1.4274 0.008909 0.121649 0.180467
1.4524 0.008953 0.126666 0.177355
1.4775 0.008982 0.131988 0.174349
1.5025 0.009000 0.137644 0.171444
1.5275 0.009012 0.143669 0.168633
1.5526 0.009022 0.150101 0.165913
1.5776 0.009036 0.156978 0.163280
1.6027 0.009056 0.164344 0.160728
1.6277 0.009087 0.172246 0.158256
1.6528 0.009130 0.180733 0.155858
1.6778 0.009188 0.189861 0.153532
1.7028 0.009262 0.199690 0.151274
1.7279 0.009353 0.210286 0.149081
1.7529 0.009464 0.221722 0.146952
1.7780 0.009595 0.234078 0.144882
1.8030 0.009747 0.247443 0.142870
1.8280 0.009920 0.261915 0.140913
1.8531 0.010117 0.277602 0.139008
1.8781 0.010339 0.294622 0.137155
1.9032 0.010585 0.313105 0.135350
1.9282 0.010859 0.333193 0.133592
1.9533 0.011160 0.355037 0.131880
1.9783 0.011491 0.378802 0.130210
2.0033 0.011853 0.404663 0.128583
2.0284 0.012245 0.432798 0.126995
2.0534 0.012669 0.463391 0.125447
2.0785 0.013124 0.496621 0.123935
2.1035 0.013610 0.532653 0.122460
2.1285 0.014123 0.571626 0.121019
2.1536 0.014661 0.613632 0.119612
2.1786 0.015216 0.658692 0.118237
2.2037 0.015783 0.706726 0.116893
2.2287 0.016351 0.757517 0.115580
2.2538 0.016909 0.810662 0.114296
2.2788 0.017446 0.865530 0.113040
2.3038 0.017950 0.921221 0.111811
2.3289 0.018409 0.976532 0.110609
2.3539 0.018816 1.029955 0.109432
2.3790 0.019163 1.079710 0.108280
2.4040 0.019449 1.123833 0.107152
2.4290 0.019675 1.160318 0.106048
2.4541 0.019843 1.187313 0.104965
2.4791 0.019962 1.203329 0.103905
2.5042 0.020038 1.207436 0.102866
2.5292 0.020079 1.199399 0.101848
2.5543 0.020096 1.179711 0.100849
2.5793 0.020094 1.149521 0.099870
2.6043 0.020081 1.110475 0.098910
2.6294 0.020062 1.064510 0.097968
2.6544 0.020041 1.013638 0.097044
2.6795 0.020021 0.959776 0.096137
2.7045 0.020003 0.904614 0.095246
2.7295 0.019988 0.849551 0.094373
2.7546 0.019980 0.795679 0.093515
2.7796 0.019980 0.743795 0.092672
2.8047 0.019991 0.694439 0.091845
2.8297 0.020015 0.647938 0.091032
2.8548 0.020056 0.604455 0.090233
2.8798 0.020115 0.564026 0.089449
2.9048 0.020194 0.526600 0.088678
2.9299 0.020290 0.492062 0.087920
2.9549 0.020405 0.460259 0.087175
2.9800 0.020534 0.431019 0.086442
3.0050 0.020675 0.404156 0.085722
3.0301 0.020823 0.379484 0.085013
3.0551 0.020975 0.356820 0.084317
3.0801 0.021123 0.335989 0.083631
3.1052 0.021260 0.316825 0.082957
3.1302 0.021379 0.299171 0.082293
3.1553 0.021469 0.282883 0.081640
3.1803 0.021523 0.267826 0.080997
3.2053 0.021531 0.253879 0.080364
3.2304 0.021490 0.240933 0.079741
3.2554 0.021394 0.228891 0.079128
3.2805 0.021247 0.217669 0.078524
3.3055 0.021052 0.207197 0.077929
3.3306 0.020818 0.197413 0.077343
3.3556 0.020557 0.188264 0.076766
3.3806 0.020279 0.179708 0.076197
3.4057 0.019998 0.171705 0.075637
3.4307 0.019725 0.164219 0.075085
3.4558 0.019469 0.157220 0.074541
3.4808 0.019237 0.150675 0.074004
3.5058 0.019037 0.144558 0.073476
3.5309 0.018869 0.138838 0.072955
3.5559 0.018737 0.133491 0.072441
3.5810 0.018640 0.128489 0.071934
3.6060 0.018577 0.123808 0.071435
3.6311 0.018543 0.119423 0.070942
3.6561 0.018535 0.115309 0.070456
3.6811 0.018547 0.111445 0.069977
3.7062 0.018573 0.107807 0.069504
3.7312 0.018606 0.104373 0.069038
3.7563 0.018640 0.101124 0.068577
3.7813 0.018669 0.098041 0.068123
3.8063 0.018689 0.095109 0.067675
3.8314 0.018698 0.092315 0.067233
3.8564 0.018696 0.089650 0.066796
3.8815 0.018685 0.087105 0.066365
3.9065 0.018669 0.084678 0.065940
3.9316 0.018652 0.082364 0.065520
3.9566 0.018640 0.080162 0.065105
3.9816 0.018636 0.078069 0.064696
4.0067 0.018646 0.076084 0.064291
4.0317 0.018671 0.074204 0.063892
4.0568 0.018713 0.072423 0.063498
4.0818 0.018769 0.070737 0.063108
4.1068 0.018839 0.069138 0.062723
4.1319 0.018920 0.067620 0.062343
4.1569 0.019008 0.066176 0.061968
4.1820 0.019100 0.064797 0.061596
4.2070 0.019192 0.063479 0.061230
4.2321 0.019282 0.062214 0.060868
4.2571 0.019370 0.060999 0.060509
4.2821 0.019453 0.059831 0.060156
4.3072 0.019531 0.058704 0.059806
4.3322 0.019604 0.057618 0.059460
4.3573 0.019670 0.056568 0.059118
4.3823 0.019729 0.055550 0.058781
4.4073 0.019777 0.054561 0.058447
4.4324 0.019811 0.053595 0.058116
4.4574 0.019829 0.052646 0.057790
4.4825 0.019827 0.051711 0.057467
4.5075 0.019801 0.050784 0.057148
4.5326 0.019751 0.049863 0.056832
4.5576 0.019676 0.048945 0.056520
4.5826 0.019576 0.048030 0.056211
4.6077 0.019454 0.047119 0.055906
4.6327 0.019313 0.046214 0.055603
4.6578 0.019157 0.045317 0.055304
4.6828 0.018992 0.044434 0.055009
4.7078 0.018822 0.043568 0.054716
4.7329 0.018652 0.042722 0.054427
4.7579 0.018486 0.041900 0.054140
4.7830 0.018328 0.041105 0.053857
4.8080 0.018180 0.040339 0.053576
4.8331 0.018046 0.039603 0.053299
4.8581 0.017925 0.038897 0.053024
4.8831 0.017819 0.038222 0.052752
4.9082 0.017728 0.037576 0.052483
4.9332 0.017650 0.036959 0.052216
4.9583 0.017586 0.036370 0.051953
4.9833 0.017535 0.035805 0.051692
5.0083 0.017495 0.035266 0.051433
5.0334 0.017465 0.034749 0.051177
5.0584 0.017445 0.034254 0.050924
5.0835 0.017435 0.033779 0.050673
5.1085 0.017435 0.033325 0.050425
5.1336 0.017443 0.032890 0.050179
5.1586 0.017462 0.032475 0.049935
5.1836 0.017491 0.032080 0.049694
5.2087 0.017530 0.031705 0.049455
5.2337 0.017581 0.031349 0.049218
5.2588 0.017643 0.031013 0.048984
5.2838 0.017716 0.030696 0.048752
5.3088 0.017799 0.030397 0.048522
5.3339 0.017892 0.030115 0.048294
5.3589 0.017993 0.029848 0.048068
5.3840 0.018101 0.029594 0.047845
5.4090 0.018213 0.029351 0.047623
5.4341 0.018327 0.029116 0.047404
5.4591 0.018440 0.028886 0.047186
5.4841 0.018551 0.028659 0.046971
5.5092 0.018657 0.028433 0.046757
5.5342 0.018758 0.028206 0.046546
5.5593 0.018853 0.027978 0.046336
5.5843 0.018943 0.027750 0.046128
5.6093 0.019029 0.027522 0.045922
5.6344 0.019113 0.027296 0.045718
5.6594 0.019197 0.027073 0.045516
5.6845 0.019283 0.026856 0.045315
5.7095 0.019373 0.026646 0.045117
5.7346 0.019468 0.026445 0.044920
5.7596 0.019571 0.026254 0.044724
5.7846 0.019682 0.026073 0.044531
5.8097 0.019802 0.025905 0.044339
5.8347 0.019931 0.025748 0.044149
5.8598 0.020068 0.025603 0.043960
5.8848 0.020215 0.025469 0.043773
5.9098 0.020370 0.025346 0.043587
5.9349 0.020533 0.025234 0.043403
5.9599 0.020702 0.025131 0.043221
5.9850 0.020876 0.025037 0.043040
6.0100 0.021055 0.024952 0.042861
6.0351 0.021238 0.024873 0.042683
6.0601 0.021425 0.024802 0.042507
6.0851 0.021615 0.024738 0.042332
6.1102 0.021809 0.024680 0.042158
6.1352 0.022007 0.024629 0.041986
6.1603 0.022209 0.024585 0.041816
6.1853 0.022417 0.024548 0.041646
6.2104 0.022631 0.024519 0.041478
6.2354 0.022852 0.024498 0.041312
6.2604 0.023081 0.024485 0.041146
6.2855 0.023319 0.024481 0.040983
6.3105 0.023565 0.024485 0.040820
6.3356 0.023820 0.024497 0.040659
6.3606 0.024084 0.024519 0.040498
6.3856 0.024358 0.024549 0.040340
6.4107 0.024641 0.024587 0.040182
6.4357 0.024933 0.024634 0.040026
6.4608 0.025234 0.024689 0.039871
6.4858 0.025545 0.024752 0.039717
6.5109 0.025864 0.024822 0.039564
6.5359 0.026191 0.024900 0.039412
6.5609 0.026526 0.024985 0.039262
6.5860 0.026868 0.025077 0.039113
6.6110 0.027218 0.025175 0.038964
6.6361 0.027574 0.025280 0.038817
6.6611 0.027938 0.025391 0.038671
6.6861 0.028310 0.025509 0.038527
6.7112 0.028689 0.025633 0.038383
6.7362 0.029076 0.025764 0.038240
6.7613 0.029472 0.025903 0.038099
6.7863 0.029878 0.026049 0.037958
6.8114 0.030294 0.026202 0.037818
6.8364 0.030721 0.026365 0.037680
6.8614 0.031160 0.026536 0.037542
6.8865 0.031611 0.026716 0.037406
6.9115 0.032075 0.026905 0.037270
6.9366 0.032553 0.027105 0.037136
6.9616 0.033045 0.027314 0.037002
6.9866 0.033552 0.027534 0.036870
7.0117 0.034075 0.027764 0.036738
7.0367 0.034613 0.028005 0.036607
7.0618 0.035167 0.028258 0.036477
7.0868 0.035739 0.028522 0.036348
7.1119 0.036328 0.028798 0.036220
7.1369 0.036935 0.029086 0.036093
7.1619 0.037561 0.029386 0.035967
7.1870 0.038206 0.029699 0.035842
7.2120 0.038871 0.030026 0.035717
7.2371 0.039557 0.030366 0.035594
7.2621 0.040265 0.030720 0.035471
7.2871 0.040994 0.031089 0.035349
7.3122 0.041747 0.031473 0.035228
7.3372 0.042524 0.031872 0.035108
7.3623 0.043326 0.032287 0.034988
7.3873 0.044153 0.032719 0.034870
7.4124 0.045008 0.033168 0.034752
7.4374 0.045892 0.033635 0.034635
7.4624 0.046804 0.034121 0.034519
7.4875 0.047748 0.034626 0.034403
7.5125 0.048724 0.035151 0.034289
7.5376 0.049734 0.035698 0.034175
7.5626 0.050778 0.036267 0.034062
7.5876 0.051860 0.036859 0.033949
7.6127 0.052981 0.037474 0.033838
7.6377 0.054142 0.038116 0.033727
7.6628 0.055346 0.038783 0.033616
7.6878 0.056595 0.039479 0.033507
7.7129 0.057892 0.040203 0.033398
7.7379 0.059238 0.040958 0.033290
7.7629 0.060637 0.041746 0.033183
7.7880 0.062091 0.042567 0.033076
7.8130 0.063603 0.043425 0.032970
7.8381 0.065177 0.044320 0.032865
7.8631 0.066817 0.045255 0.032760
7.8881 0.068526 0.046232 0.032656
7.9132 0.070308 0.047254 0.032553
7.9382 0.072168 0.048323 0.032450
7.9633 0.074111 0.049442 0.032348
7.9883 0.076142 0.050615 0.032246
8.0134 0.078266 0.051845 0.032146
8.0384 0.080490 0.053135 0.032046
8.0634 0.082821 0.054490 0.031946
8.0885 0.085265 0.055913 0.031847
8.1135 0.087830 0.057410 0.031749
8.1386 0.090526 0.058985 0.031651
8.1636 0.093361 0.060645 0.031554
8.1886 0.096345 0.062395 0.031458
8.2137 0.099489 0.064241 0.031362
8.2387 0.102806 0.066191 0.031266
8.2638 0.106308 0.068253 0.031172
8.2888 0.110008 0.070434 0.031077
8.3139 0.113922 0.072744 0.030984
8.3389 0.118065 0.075193 0.030891
8.3639 0.122455 0.077789 0.030798
8.3890 0.127110 0.080545 0.030706
8.4140 0.132047 0.083472 0.030615
8.4391 0.137287 0.086580 0.030524
8.4641 0.142848 0.089881 0.030434
8.4891 0.148748 0.093386 0.030344
8.5142 0.155005 0.097106 0.030255
8.5392 0.161634 0.101049 0.030166
8.5643 0.168646 0.105223 0.030078
8.5893 0.176049 0.109631 0.029990
8.6144 0.183843 0.114275 0.029903
8.6394 0.192024 0.119151 0.029816
8.6644 0.200582 0.124253 0.029730
8.6895 0.209501 0.129573 0.029644
8.7145 0.218763 0.135099 0.029559
8.7396 0.228353 0.140822 0.029475
8.7646 0.238264 0.146738 0.029390
8.7896 0.248502 0.152851 0.029307
8.8147 0.259094 0.159177 0.029223
8.8397 0.270092 0.165746 0.029141
8.8648 0.281575 0.172607 0.029058
8.8898 0.293650 0.179823 0.028976
8.9149 0.306447 0.187473 0.028895
8.9399 0.320116 0.195646 0.028814
8.9649 0.334820 0.204441 0.028734
8.9900 0.350729 0.213959 0.028654
9.0150 0.368017 0.224305 0.028574
9.0401 0.386854 0.235580 0.028495
9.0651 0.407403 0.247883 0.028416
9.0902 0.429816 0.261305 0.028338
9.1152 0.454231 0.275928 0.028260
9.1402 0.480758 0.291818 0.028183
9.1653 0.509474 0.309023 0.028106
9.1903 0.540408 0.327558 0.028029
9.2154 0.573518 0.347400 0.027953
9.2404 0.608676 0.368470 0.027877
9.2654 0.645633 0.390620 0.027802
9.2905 0.683996 0.413614 0.027727
9.3155 0.723202 0.437113 0.027652
9.3406 0.762500 0.460669 0.027578
9.3656 0.800955 0.483719 0.027504
9.3907 0.837473 0.505607 0.027431
9.4157 0.870860 0.525616 0.027358
9.4407 0.899923 0.543032 0.027285
9.4658 0.923587 0.557208 0.027213
9.4908 0.941031 0.567653 0.027141
9.5159 0.951805 0.574095 0.027070
9.5409 0.955896 0.576528 0.026999
9.5659 0.953740 0.575214 0.026928
9.5910 0.946167 0.570649 0.026858
9.6160 0.934290 0.563502 0.026788
9.6411 0.919379 0.554535 0.026718
9.6661 0.902732 0.544526 0.026649
9.6912 0.885573 0.534211 0.026580
9.7162 0.868984 0.524238 0.026512
9.7412 0.853873 0.515151 0.026444
9.7663 0.840965 0.507387 0.026376
9.7913 0.830820 0.501280 0.026308
9.8164 0.823849 0.497079 0.026241
9.8414 0.820341 0.494955 0.026175
9.8664 0.820476 0.495017 0.026108
9.8915 0.824339 0.497317 0.026042
9.9165 0.831917 0.501845 0.025976
9.9416 0.843092 0.508532 0.025911
9.9666 0.857629 0.517236 0.025846
9.9917 0.875153 0.527733 0.025781
10.0167 0.895131 0.539702 0.025717
10.0417 0.916855 0.552719 0.025652
10.0668 0.939436 0.566250 0.025589
10.0918 0.961823 0.579666 0.025525
10.1169 0.982844 0.592261 0.025462
10.1419 1.001278 0.603305 0.025399
10.1669 1.015959 0.612097 0.025336
10.1920 1.025895 0.618042 0.025274
10.2170 1.030379 0.620716 0.025212
10.2421 1.029075 0.619918 0.025151
10.2671 1.022051 0.615688 0.025089
10.2922 1.009757 0.608295 0.025028
10.3172 0.992947 0.598194 0.024968
10.3422 0.972574 0.585954 0.024907
10.3673 0.949670 0.572196 0.024847
10.3923 0.925246 0.557527 0.024787
10.4174 0.900212 0.542492 0.024727
10.4424 0.875333 0.527549 0.024668
10.4674 0.851208 0.513059 0.024609
10.4925 0.828278 0.499286 0.024550
10.5175 0.806849 0.486415 0.024492
10.5426 0.787124 0.474565 0.024434
10.5676 0.769234 0.463817 0.024376
10.5927 0.753269 0.454224 0.024318
10.6177 0.739298 0.445827 0.024261
10.6427 0.727380 0.438663 0.024204
10.6678 0.717571 0.432764 0.024147
10.6928 0.709917 0.428158 0.024090
10.7179 0.704448 0.424863 0.024034
10.7429 0.701173 0.422885 0.023978
10.7679 0.700075 0.422213 0.023922
10.7930 0.701104 0.422817 0.023867
10.8180 0.704173 0.424646 0.023812
10.8431 0.709167 0.427629 0.023757
10.8681 0.715939 0.431679 0.023702
10.8932 0.724321 0.436696 0.023647
10.9182 0.734128 0.442568 0.023593
10.9432 0.745164 0.449177 0.023539
10.9683 0.757214 0.456395 0.023485
10.9933 0.770041 0.464078 0.023432
11.0184 0.783358 0.472057 0.023379
11.0434 0.796822 0.480123 0.023326
11.0684 0.810011 0.488025 0.023273
11.0935 0.822425 0.495461 0.023220
11.1185 0.833498 0.502094 0.023168
11.1436 0.842637 0.507566 0.023116
11.1686 0.849272 0.511535 0.023064
11.1937 0.852925 0.513715 0.023013
11.2187 0.853277 0.513915 0.022961
11.2437 0.850231 0.512077 0.022910
11.2688 0.843936 0.508288 0.022859
11.2938 0.834780 0.502784 0.022808
11.3189 0.823347 0.495913 0.022758
11.3439 0.810351 0.488105 0.022708
11.3689 0.796547 0.479812 0.022658
11.3940 0.782658 0.471468 0.022608
11.4190 0.769309 0.463448 0.022558
11.4441 0.756985 0.456043 0.022509
11.4691 0.746003 0.449443 0.022460
11.4942 0.736501 0.443732 0.022411
11.5192 0.728444 0.438887 0.022362
11.5442 0.721627 0.434787 0.022314
11.5693 0.715706 0.431225 0.022265
11.5943 0.710230 0.427929 0.022217
11.6194 0.704686 0.424593 0.022169
11.6444 0.698556 0.420905 0.022122
11.6694 0.691387 0.416594 0.022074
11.6945 0.682842 0.411458 0.022027
11.7195 0.672748 0.405391 0.021980
11.7446 0.661111 0.398400 0.021933
11.7696 0.648111 0.390591 0.021886
11.7947 0.634062 0.382152 0.021840
11.8197 0.619365 0.373325 0.021794
11.8447 0.604454 0.364369 0.021748
11.8698 0.589740 0.355531 0.021702
11.8948 0.575580 0.347026 0.021656
11.9199 0.562242 0.339015 0.021611
11.9449 0.549903 0.331602 0.021565
11.9699 0.538642 0.324837 0.021520
11.9950 0.528453 0.318715 0.021475
12.0200 0.519266 0.313194 0.021430
12.0451 0.510966 0.308205 0.021386
12.0701 0.503417 0.303668 0.021342
12.0952 0.496483 0.299499 0.021297
12.1202 0.490038 0.295624 0.021253
12.1452 0.483976 0.291978 0.021210
12.1703 0.478197 0.288502 0.021166
12.1953 0.472606 0.285140 0.021122
12.2204 0.467099 0.281827 0.021079
12.2454 0.461549 0.278489 0.021036
12.2705 0.455814 0.275040 0.020993
12.2955 0.449737 0.271386 0.020950
12.3205 0.443160 0.267432 0.020908
12.3456 0.435947 0.263096 0.020865
12.3706 0.428000 0.258320 0.020823
12.3957 0.419274 0.253077 0.020781
12.4207 0.409785 0.247376 0.020739
12.4457 0.399606 0.241261 0.020697
12.4708 0.388853 0.234802 0.020656
12.4958 0.377666 0.228082 0.020614
12.5209 0.366192 0.221190 0.020573
12.5459 0.354562 0.214205 0.020532
12.5710 0.342890 0.207194 0.020491
12.5960 0.331259 0.200208 0.020451
12.6210 0.319732 0.193285 0.020410
12.6461 0.308352 0.186450 0.020370
12.6711 0.297153 0.179724 0.020329
12.6962 0.286166 0.173124 0.020289
12.7212 0.275424 0.166672 0.020249
12.7462 0.264969 0.160392 0.020209
12.7713 0.254848 0.154313 0.020170
12.7963 0.245115 0.148466 0.020130
12.8214 0.235822 0.142884 0.020091
12.8464 0.227017 0.137594 0.020052
12.8715 0.218736 0.132619 0.020013
12.8965 0.211007 0.127974 0.019974
12.9215 0.203840 0.123668 0.019935
12.9466 0.197234 0.119697 0.019897
12.9716 0.191174 0.116055 0.019858
12.9967 0.185634 0.112725 0.019820
13.0217 0.180579 0.109685 0.019782
13.0467 0.175963 0.106909 0.019744
13.0718 0.171732 0.104364 0.019706
13.0968 0.167826 0.102015 0.019668
13.1219 0.164178 0.099819 0.019631
13.1469 0.160717 0.097737 0.019594
13.1720 0.157376 0.095726 0.019556
13.1970 0.154092 0.093749 0.019519
13.2220 0.150814 0.091777 0.019482
13.2471 0.147509 0.089788 0.019445
13.2721 0.144158 0.087771 0.019409
13.2972 0.140759 0.085726 0.019372
13.3222 0.137324 0.083659 0.019336
13.3472 0.133873 0.081582 0.019299
13.3723 0.130429 0.079510 0.019263
13.3973 0.127014 0.077456 0.019227
13.4224 0.123645 0.075428 0.019191
13.4474 0.120329 0.073433 0.019156
13.4725 0.117071 0.071472 0.019120
13.4975 0.113864 0.069543 0.019085
13.5225 0.110699 0.067638 0.019049
13.5476 0.107567 0.065754 0.019014
13.5726 0.104458 0.063883 0.018979
13.5977 0.101368 0.062023 0.018944
13.6227 0.098297 0.060175 0.018909
13.6477 0.095252 0.058343 0.018875
13.6728 0.092245 0.056533 0.018840
13.6978 0.089291 0.054755 0.018806
13.7229 0.086404 0.053018 0.018771
13.7479 0.083601 0.051331 0.018737
13.7730 0.080893 0.049701 0.018703
13.7980 0.078291 0.048134 0.018669
13.8230 0.075799 0.046634 0.018635
13.8481 0.073420 0.045202 0.018601
13.8731 0.071154 0.043837 0.018568
13.8982 0.068995 0.042537 0.018534
13.9232 0.066939 0.041298 0.018501
13.9482 0.064976 0.040116 0.018468
13.9733 0.063100 0.038985 0.018435
13.9983 0.061302 0.037901 0.018402
14.0234 0.059575 0.036860 0.018369
14.0484 0.057914 0.035859 0.018336
14.0735 0.056315 0.034895 0.018304
14.0985 0.054776 0.033966 0.018271
14.1235 0.053295 0.033073 0.018239
14.1486 0.051872 0.032214 0.018206
14.1736 0.050505 0.031389 0.018174
14.1987 0.049193 0.030598 0.018142
14.2237 0.047937 0.029839 0.018110
14.2487 0.046732 0.029112 0.018078
14.2738 0.045579 0.028416 0.018047
14.2988 0.044475 0.027748 0.018015
14.3239 0.043416 0.027109 0.017984
14.3489 0.042402 0.026496 0.017952
14.3740 0.041429 0.025908 0.017921
14.3990 0.040496 0.025343 0.017890
14.4240 0.039599 0.024801 0.017859
14.4491 0.038737 0.024279 0.017828
14.4741 0.037908 0.023777 0.017797
14.4992 0.037109 0.023294 0.017766
14.5242 0.036339 0.022828 0.017736
14.5492 0.035597 0.022378 0.017705
14.5743 0.034881 0.021944 0.017675
14.5993 0.034189 0.021525 0.017644
14.6244 0.033520 0.021120 0.017614
14.6494 0.032875 0.020728 0.017584
14.6745 0.032250 0.020349 0.017554
14.6995 0.031646 0.019982 0.017524
14.7245 0.031060 0.019627 0.017494
14.7496 0.030493 0.019283 0.017465
14.7746 0.029943 0.018949 0.017435
14.7997 0.029410 0.018624 0.017405
14.8247 0.028891 0.018309 0.017376
14.8497 0.028387 0.018003 0.017347
14.8748 0.027896 0.017705 0.017318
14.8998 0.027419 0.017414 0.017288
14.9249 0.026954 0.017132 0.017259
14.9499 0.026502 0.016857 0.017231
14.9750 0.026063 0.016589 0.017202
15.0000 0.025635 0.016329 0.017173
