x count gauss
3.96541 2 1.22819
3.97889 4 2.10692
3.99237 2 3.51294
4.00585 10 5.69288
4.01932 9 8.96669
4.0328 19 13.7269
4.04628 19 20.4244
4.05975 18 29.537
4.07323 51 41.5165
4.08671 59 56.7173
4.10018 72 75.3093
4.11366 97 97.1898
4.12714 132 121.908
4.14062 152 148.621
4.15409 159 176.104
4.16757 178 202.813
4.18105 231 227.019
4.19452 236 246.983
4.208 274 261.162
4.22148 281 268.406
4.23496 276 268.111
4.24843 248 260.3
4.26191 235 245.625
4.27539 235 225.274
4.28886 227 200.811
4.30234 150 173.981
4.31582 137 146.506
4.32929 134 119.908
4.34277 100 95.3853
4.35625 72 73.7483
4.36973 68 55.4193
4.3832 32 40.4771
4.39668 23 28.734
4.41016 27 19.8254
4.42363 12 13.295
4.43711 10 8.66543
4.45059 4 5.4895
4.46406 3 3.37998
4.47754 1 2.02271
4.49102 1 1.1765
