d cov power lo hi
186 100 0.04475 0.03877 0.05161
185 99.46 0.124 0.1141 0.1346
184 98.92 0.35 0.3354 0.3649
183 98.39 0.663 0.6482 0.6775
182 97.85 0.886 0.8758 0.8955
181 97.31 0.9808 0.976 0.9846
180 96.77 0.9988 0.9971 0.9995
179 96.24 1 0.999 1
178 95.7 1 0.999 1
177 95.16 1 0.999 1
176 94.62 1 0.999 1
175 94.09 1 0.999 1
174 93.55 1 0.999 1
173 93.01 1 0.999 1
172 92.47 1 0.999 1
171 91.94 1 0.999 1
170 91.4 1 0.999 1
169 90.86 1 0.999 1
168 90.32 0.9995 0.9982 0.9999
167 89.78 0.9852 0.981 0.9885
166 89.25 0.926 0.9175 0.9337
165 88.71 0.716 0.7018 0.7298
164 88.17 0.421 0.4058 0.4364
163 87.63 0.1685 0.1572 0.1804
162 87.1 0.05025 0.0439 0.05746
161 86.56 0.09625 0.08749 0.1058
160 86.02 0.3227 0.3084 0.3374
159 85.48 0.683 0.6684 0.6972
158 84.95 0.8962 0.8864 0.9053
157 84.41 0.9822 0.9777 0.9859
156 83.87 0.9985 0.9967 0.9993
155 83.33 1 0.999 1
154 82.8 1 0.999 1
153 82.26 1 0.999 1
152 81.72 1 0.999 1
151 81.18 1 0.999 1
150 80.65 1 0.999 1
149 80.11 1 0.999 1
148 79.57 1 0.999 1
147 79.03 1 0.999 1
146 78.49 1 0.999 1
145 77.96 1 0.999 1
144 77.42 1 0.999 1
143 76.88 1 0.999 1
142 76.34 1 0.999 1
141 75.81 1 0.999 1
140 75.27 1 0.999 1
139 74.73 1 0.999 1
138 74.19 1 0.999 1
137 73.66 1 0.999 1
136 73.12 1 0.999 1
135 72.58 1 0.999 1
134 72.04 1 0.999 1
133 71.51 1 0.999 1
132 70.97 1 0.999 1
131 70.43 1 0.999 1
130 69.89 1 0.999 1
129 69.35 1 0.999 1
128 68.82 1 0.999 1
127 68.28 1 0.999 1
126 67.74 1 0.999 1
125 67.2 1 0.999 1
124 66.67 1 0.999 1
123 66.13 1 0.999 1
122 65.59 1 0.999 1
121 65.05 1 0.999 1
120 64.52 1 0.999 1
119 63.98 1 0.999 1
118 63.44 1 0.999 1
117 62.9 1 0.999 1
116 62.37 1 0.999 1
115 61.83 1 0.999 1
114 61.29 1 0.999 1
113 60.75 1 0.999 1
112 60.22 1 0.999 1
111 59.68 1 0.999 1
110 59.14 1 0.999 1
109 58.6 1 0.999 1
108 58.06 1 0.999 1
107 57.53 1 0.999 1
106 56.99 1 0.999 1
105 56.45 1 0.999 1
104 55.91 1 0.999 1
103 55.38 1 0.999 1
102 54.84 1 0.999 1
101 54.3 1 0.999 1
100 53.76 1 0.999 1
99 53.23 0.9972 0.9951 0.9985
98 52.69 0.9415 0.9338 0.9484
97 52.15 0.6465 0.6316 0.6612
96 51.61 0.135 0.1248 0.1459
95 51.08 0.06125 0.05423 0.06911
94 50.54 0.49 0.4745 0.5055
93 50 0.934 0.9259 0.9413
92 49.46 0.9988 0.9971 0.9995
91 48.92 1 0.999 1
90 48.39 1 0.999 1
89 47.85 1 0.999 1
88 47.31 0.932 0.9238 0.9394
87 46.77 0.2873 0.2734 0.3015
86 46.24 0.055 0.04835 0.0625
85 45.7 0.4928 0.4773 0.5082
84 45.16 0.927 0.9185 0.9347
83 44.62 1 0.999 1
82 44.09 1 0.999 1
81 43.55 1 0.999 1
80 43.01 1 0.999 1
79 42.47 1 0.999 1
78 41.94 1 0.999 1
77 41.4 1 0.999 1
76 40.86 1 0.999 1
75 40.32 1 0.999 1
74 39.78 1 0.999 1
73 39.25 1 0.999 1
72 38.71 1 0.999 1
71 38.17 1 0.999 1
70 37.63 1 0.999 1
69 37.1 1 0.999 1
68 36.56 1 0.999 1
67 36.02 1 0.999 1
66 35.48 1 0.999 1
65 34.95 1 0.999 1
64 34.41 1 0.999 1
63 33.87 1 0.999 1
62 33.33 1 0.999 1
61 32.8 1 0.999 1
60 32.26 1 0.999 1
59 31.72 1 0.999 1
58 31.18 1 0.999 1
57 30.65 1 0.999 1
56 30.11 1 0.999 1
55 29.57 1 0.999 1
54 29.03 1 0.999 1
53 28.49 1 0.999 1
52 27.96 1 0.999 1
51 27.42 1 0.999 1
50 26.88 1 0.999 1
49 26.34 1 0.999 1
48 25.81 1 0.999 1
47 25.27 1 0.999 1
46 24.73 1 0.999 1
45 24.19 1 0.999 1
44 23.66 1 0.999 1
43 23.12 1 0.999 1
42 22.58 1 0.999 1
41 22.04 1 0.999 1
40 21.51 1 0.999 1
39 20.97 1 0.999 1
38 20.43 1 0.999 1
37 19.89 1 0.999 1
36 19.35 1 0.999 1
35 18.82 1 0.999 1
34 18.28 1 0.999 1
33 17.74 1 0.999 1
32 17.2 1 0.999 1
31 16.67 1 0.999 1
30 16.13 1 0.999 1
29 15.59 1 0.999 1
28 15.05 1 0.999 1
27 14.52 1 0.999 1
26 13.98 1 0.999 1
25 13.44 1 0.999 1
24 12.9 1 0.999 1
23 12.37 1 0.999 1
22 11.83 1 0.999 1
21 11.29 1 0.999 1
20 10.75 1 0.999 1
19 10.22 1 0.999 1
18 9.677 1 0.999 1
17 9.14 1 0.999 1
16 8.602 1 0.999 1
15 8.065 1 0.999 1
14 7.527 1 0.999 1
13 6.989 1 0.999 1
12 6.452 1 0.999 1
11 5.914 1 0.999 1
10 5.376 1 0.999 1
9 4.839 1 0.999 1
8 4.301 1 0.999 1
7 3.763 1 0.999 1
6 3.226 1 0.999 1
5 2.688 1 0.999 1
4 2.151 1 0.999 1
3 1.613 1 0.999 1
2 1.075 1 0.999 1
1 0.5376 1 0.999 1
