id x y r0 r1 r2 U
4 2.141987e+01 2.460685e+01 2.141987e+01 2.455177e+01 2.460685e+01 6
5 2.413574e+01 2.399727e+01 2.413574e+01 2.399727e+01 2.382434e+01 6
7 5.503536e+00 3.433604e+00 5.503536e+00 3.433604e+00 2.378159e+00 3
14 1.945252e+01 1.815667e+01 1.945252e+01 1.815667e+01 1.751144e+01 4
26 2.473379e+01 2.422491e+01 2.473379e+01 2.422491e+01 2.403742e+01 6
28 1.766014e+01 2.312248e+01 1.766014e+01 2.297809e+01 2.312248e+01 4
29 7.740092e+00 1.725128e+01 7.740092e+00 1.649114e+01 1.725128e+01 3
32 2.281833e+01 2.528782e+01 2.281833e+01 2.509712e+01 2.528782e+01 5
34 2.170265e+01 2.440405e+01 2.170265e+01 2.435796e+01 2.440405e+01 6
43 2.043685e+01 1.956342e+01 2.043685e+01 1.956342e+01 1.903697e+01 6
50 5.054591e+00 6.827768e+00 5.054591e+00 5.417400e+00 6.827768e+00 3
58 8.030021e+00 8.240039e+00 8.030021e+00 8.138154e+00 8.240039e+00 5
60 8.923966e+00 9.371996e+00 8.923966e+00 8.973009e+00 9.371996e+00 3
64 3.127702e+00 2.107636e+00 3.127702e+00 2.107636e+00 1.137787e+00 4
66 7.957793e+00 8.143695e+00 7.957793e+00 8.038565e+00 8.143695e+00 5
80 8.862369e+00 6.934923e+00 8.862369e+00 6.934923e+00 5.015290e+00 3
82 3.101909e+00 5.768191e+00 3.101909e+00 5.136113e+00 5.768191e+00 4
91 1.923550e+00 4.527677e+00 1.923550e+00 3.609703e+00 4.527677e+00 4
95 1.177390e+01 1.908163e+01 1.177390e+01 1.898866e+01 1.908163e+01 5
97 9.283174e+00 8.995315e+00 9.283174e+00 8.995315e+00 8.809456e+00 4
100 1.120728e+01 2.081093e+01 1.120728e+01 2.013007e+01 2.081093e+01 5
105 4.129517e+00 5.804943e+00 4.129517e+00 5.134832e+00 5.804943e+00 5
119 1.169686e+01 1.277341e+01 1.169686e+01 1.255385e+01 1.277341e+01 6
123 5.994441e+00 8.384658e+00 5.994441e+00 7.493233e+00 8.384658e+00 4
127 2.059665e+01 2.211599e+01 2.059665e+01 2.211599e+01 2.191747e+01 3
135 2.248525e+01 2.342164e+01 2.248525e+01 2.342164e+01 2.327064e+01 6
144 2.115771e+01 2.040101e+01 2.115771e+01 2.040101e+01 1.993608e+01 6
151 2.551020e+01 2.549747e+01 2.551020e+01 2.549747e+01 2.546808e+01 6
153 1.737373e+01 1.925253e+01 1.737373e+01 1.925253e+01 1.892771e+01 5
157 2.442349e+01 2.424796e+01 2.442349e+01 2.424796e+01 2.407786e+01 6
162 6.236677e-01 2.048227e+00 6.236677e-01 1.550858e+00 2.048227e+00 3
172 1.617854e+01 1.550898e+01 1.617854e+01 1.550898e+01 1.514009e+01 4
181 9.431470e+00 1.011947e+01 9.431470e+00 9.786835e+00 1.011947e+01 4
185 7.458924e+00 7.632433e+00 7.458924e+00 7.632433e+00 7.426609e+00 6
187 6.666441e+00 7.417953e+00 6.666441e+00 7.087375e+00 7.417953e+00 5
195 2.458917e+01 2.517605e+01 2.458917e+01 2.517605e+01 2.517055e+01 5
197 8.196487e+00 7.923908e+00 8.196487e+00 7.923908e+00 7.400319e+00 6
205 1.631955e+01 1.977827e+01 1.631955e+01 1.977827e+01 1.957143e+01 3
206 9.902789e+00 7.633910e+00 9.902789e+00 7.633910e+00 6.581092e+00 3
213 6.282014e+00 8.097873e+00 6.282014e+00 7.356940e+00 8.097873e+00 3
229 2.551020e+01 2.548769e+01 2.551020e+01 2.548769e+01 2.543724e+01 5
237 6.691839e+00 6.473180e+00 6.691839e+00 6.473180e+00 6.325064e+00 6
245 7.204628e+00 8.122111e+00 7.204628e+00 7.283432e+00 8.122111e+00 4
247 1.753339e+01 2.304732e+01 1.753339e+01 2.298715e+01 2.304732e+01 4
251 2.055868e+00 4.036882e+00 2.055868e+00 3.362112e+00 4.036882e+00 5
262 1.600364e+01 1.586727e+01 1.600364e+01 1.586727e+01 1.584098e+01 5
264 2.062199e+01 2.201628e+01 2.062199e+01 2.201628e+01 2.187850e+01 3
268 1.374199e+01 2.030259e+01 1.374199e+01 2.027831e+01 2.030259e+01 4
270 2.000151e+01 2.056014e+01 2.000151e+01 2.056014e+01 1.979989e+01 3
278 1.592963e+01 2.007397e+01 1.592963e+01 2.007361e+01 2.007397e+01 6
279 9.170234e+00 9.286691e+00 9.170234e+00 9.286691e+00 9.161477e+00 4
283 2.333694e+01 2.537545e+01 2.333694e+01 2.521457e+01 2.537545e+01 6
288 1.180517e+01 1.283326e+01 1.180517e+01 1.242322e+01 1.283326e+01 6
294 1.227071e+01 1.691467e+01 1.227071e+01 1.691467e+01 1.632153e+01 3
295 8.289862e+00 8.564766e+00 8.289862e+00 8.108052e+00 8.564766e+00 4
299 2.551020e+01 2.548768e+01 2.551020e+01 2.548768e+01 2.543746e+01 5
