id x y r0 r1 r2 U
1 2.433866e-01 2.128151e-01 2.433866e-01 7.143132e-02 2.128151e-01 3
9 1.383027e-02 8.381856e-01 1.383027e-02 3.122784e-01 8.381856e-01 3
13 2.394483e-02 6.977367e-01 2.394483e-02 6.977367e-01 1.775206e-01 3
16 2.534027e+00 1.970318e+00 2.534027e+00 1.704804e+00 1.970318e+00 6
27 1.553461e+00 6.627018e-01 1.553461e+00 6.627018e-01 3.153467e-01 6
31 2.349620e-01 4.821714e-01 2.349620e-01 4.074127e-01 4.821714e-01 3
40 3.903629e+00 1.262867e+00 3.903629e+00 1.262867e+00 3.190874e-01 3
46 3.877140e+00 6.017126e+00 3.877140e+00 4.365844e+00 6.017126e+00 5
47 2.588990e+00 4.232878e+00 2.588990e+00 3.331849e+00 4.232878e+00 5
53 2.737325e+00 1.051245e+01 2.737325e+00 6.254734e+00 1.051245e+01 4
54 6.709788e-01 8.807940e-02 6.709788e-01 8.807940e-02 6.993075e-02 3
70 3.545688e+00 4.006995e-01 3.545688e+00 4.006995e-01 3.027340e-01 6
72 3.544800e-01 3.088447e-01 3.544800e-01 1.541597e-01 3.088447e-01 6
116 1.824856e+00 9.513017e-01 1.824856e+00 9.513017e-01 6.732415e-01 5
120 2.096634e-01 4.805439e-01 2.096634e-01 2.563368e-01 4.805439e-01 6
124 2.765687e-01 7.522176e-01 2.765687e-01 7.522176e-01 6.051552e-01 6
126 3.371250e+00 3.356403e+00 3.371250e+00 2.646107e+00 3.356403e+00 4
133 1.091527e+00 2.494064e+00 1.091527e+00 1.824430e+00 2.494064e+00 6
142 2.352691e+00 4.235174e+00 2.352691e+00 3.005306e+00 4.235174e+00 5
149 2.102775e+00 3.352784e-01 2.102775e+00 3.352784e-01 2.854637e-01 4
150 7.729776e-02 5.255840e-01 7.729776e-02 6.896088e-02 5.255840e-01 6
159 2.561464e-01 5.014981e-01 2.561464e-01 8.896513e-02 5.014981e-01 3
165 3.279913e+00 6.833780e+00 3.279913e+00 4.365661e+00 6.833780e+00 5
170 3.909464e+00 8.328089e+00 3.909464e+00 5.698684e+00 8.328089e+00 3
173 2.529531e+00 6.821027e+00 2.529531e+00 3.936002e+00 6.821027e+00 4
175 1.163471e-01 9.503396e-01 1.163471e-01 6.996569e-01 9.503396e-01 4
179 5.093878e+00 4.992596e+00 5.093878e+00 4.992596e+00 4.823985e+00 4
191 3.390154e+00 8.442889e+00 3.390154e+00 5.458775e+00 8.442889e+00 6
212 3.475682e-01 1.897351e-01 3.475682e-01 1.897351e-01 4.055209e-02 6
215 1.045954e+00 9.273846e-01 1.045954e+00 7.040081e-01 9.273846e-01 5
232 2.422627e-01 3.927954e-01 2.422627e-01 1.804165e-01 3.927954e-01 6
248 3.099114e+00 8.258415e+00 3.099114e+00 5.020215e+00 8.258415e+00 4
253 2.689251e+00 2.077964e+00 2.689251e+00 2.077964e+00 1.743867e+00 6
255 3.199822e+00 2.853520e+00 3.199822e+00 2.595751e+00 2.853520e+00 4
267 8.876772e-02 2.731830e-01 8.876772e-02 2.731830e-01 6.840424e-02 6
287 7.151726e-01 3.743631e-01 7.151726e-01 3.743631e-01 2.802145e-01 4
296 3.844226e-01 6.464635e-01 3.844226e-01 5.716059e-01 6.464635e-01 5
