x y
0.0877 0.6041
0.1803 0.9889
0.7015 0.3891
0.089 0.138
0.1382 0.1947
0.2536 0.2795
0.361 0.4164
0.03 0.5109
0.1321 0.2519
0.3464 0.3966
0.06981 0.427
0.5265 0.2432
0.141 0.1042
0.1527 0.1034
0.5177 0.4755
0.4684 0.21
0.2928 0.09243
0.2602 0.09074
0.03587 0.1938
0.1705 0.239
0.08721 0.9537
0.03607 0.1694
0.03 0.8809
0.3717 0.9215
0.08646 0.3508
0.07412 0.2022
0.2621 0.2892
0.272 0.5603
0.5006 0.2653
0.3878 0.1571
0.04782 0.6714
0.03 0.1503
0.04292 0.3908
0.1291 0.4081
0.03 0.4478
0.2482 0.6502
0.6481 0.1664
0.1842 0.3414
0.1514 0.2443
0.1011 0.2592
0.6473 0.1703
0.09093 0.7953
0.2974 0.3631
0.03 0.1081
0.03699 0.1275
0.4316 0.2415
0.1131 0.0751
0.05991 0.1938
0.2962 0.563
0.03 0.3835
0.6498 0.2486
0.4759 0.0475
0.263 0.5132
0.2803 0.4493
0.03 0.4073
0.2909 0.2594
0.2125 0.6355
0.05611 0.2934
0.3113 0.2833
0.1389 0.1862
0.03 0.2985
0.03 0.6065
0.2991 0.5843
0.08482 0.2797
0.131 0.4527
0.7869 0.4454
0.1881 1.118
0.5477 0.03862
0.2515 0.3447
0.1572 0.2469
0.1617 0.3148
0.8376 0.2966
0.06681 0.4701
0.6869 0.2751
0.4322 0.3842
0.2514 0.726
0.5348 0.2366
0.7886 0.2091
0.2324 0.3537
0.112 0.1577
0.3526 0.284
0.5051 0.6591
0.8237 0.5468
0.03 0.3181
0.4449 0.3672
0.0672 0.18
0.4944 0.6735
0.1109 0.4719
0.03 0.09826
0.03 0.4765
0.8111 0.07285
0.06826 0.09081
0.9752 0.487
0.7233 0.2417
0.1752 0.4948
0.3362 0.3476
0.6738 0.9434
0.1407 0.3432
0.3991 0.3133
0.2585 0.303
0.2762 0.5266
0.1631 0.3002
0.4943 0.3804
0.3561 0.3069
0.3088 0.9216
0.1375 0.3316
0.144 0.6454
0.4809 0.1825
0.2589 0.1534
0.03 0.4291
0.5361 0.4617
0.06163 0.7303
