id x y r0 r1 r2 U
18 4.359686e-01 1.152071e+00 4.359686e-01 6.832640e-03 1.152071e+00 5
36 1.596180e-01 1.671979e+00 1.596180e-01 7.835442e-01 1.671979e+00 5
51 1.707971e-01 3.038166e+00 1.707971e-01 2.338674e+00 3.038166e+00 4
75 2.994495e-01 1.553797e+00 2.994495e-01 5.780796e-01 1.553797e+00 5
79 1.394406e-01 1.467943e+00 1.394406e-01 6.668800e-02 1.467943e+00 3
121 1.394627e-01 3.547574e+00 1.394627e-01 1.947127e+00 3.547574e+00 5
138 3.534415e-01 2.631692e+00 3.534415e-01 1.816727e+00 2.631692e+00 3
167 1.410741e-01 3.847701e+00 1.410741e-01 1.752499e+00 3.847701e+00 3
182 1.162496e-01 2.185611e+00 1.162496e-01 7.469343e-01 2.185611e+00 5
200 1.465574e-01 2.993320e+00 1.465574e-01 2.476094e+00 2.993320e+00 6
208 2.187349e-01 2.617273e+00 2.187349e-01 2.569092e+00 2.617273e+00 4
214 1.824640e-01 2.287923e+00 1.824640e-01 2.185739e+00 2.287923e+00 4
222 1.587892e-01 9.057533e+00 1.587892e-01 3.316486e+00 9.057533e+00 5
226 1.973539e-02 1.931214e+00 1.973539e-02 6.530388e-01 1.931214e+00 5
235 5.532702e-02 1.854693e+00 5.532702e-02 1.021247e+00 1.854693e+00 6
243 4.327772e-01 3.121115e+00 4.327772e-01 2.535418e+00 3.121115e+00 4
254 3.322800e-02 1.347409e+00 3.322800e-02 1.202612e+00 1.347409e+00 6
258 1.179127e-01 2.845103e+00 1.179127e-01 8.817936e-01 2.845103e+00 6
261 3.487306e-02 2.154682e+00 3.487306e-02 9.992018e-01 2.154682e+00 6
266 9.291601e-01 6.101934e+00 9.291601e-01 2.393170e+00 6.101934e+00 3
