id x y r0 r1 r2 U
0 1.243111e-01 7.798524e-01 1.243111e-01 6.530522e-03 7.798524e-01 6
2 3.392812e-02 1.717872e-01 3.392812e-02 3.237937e-02 1.717872e-01 3
3 1.923048e-01 2.446829e-01 1.923048e-01 2.446829e-01 2.446090e-02 6
6 4.546528e-01 1.597128e-01 4.546528e-01 1.597128e-01 1.073511e-01 5
8 4.524916e-02 2.709060e-01 4.524916e-02 2.709060e-01 1.144196e-01 5
10 1.624144e-01 2.167530e-01 1.624144e-01 1.199251e-02 2.167530e-01 6
15 6.467117e-01 5.377457e-01 6.467117e-01 3.709258e-01 5.377457e-01 4
17 1.476991e-01 2.471602e-01 1.476991e-01 1.064079e-02 2.471602e-01 4
19 1.544451e-03 4.539071e-01 1.544451e-03 4.539071e-01 3.414601e-01 4
21 5.104295e-01 1.243677e-01 5.104295e-01 9.193847e-02 1.243677e-01 3
22 1.252203e-01 4.447773e-01 1.252203e-01 2.360056e-01 4.447773e-01 4
30 3.341197e-01 2.729947e-01 3.341197e-01 2.729947e-01 1.923566e-01 5
33 6.951960e-02 4.315201e-01 6.951960e-02 4.810648e-02 4.315201e-01 6
39 4.515137e-01 5.599518e-01 4.515137e-01 9.942990e-02 5.599518e-01 6
45 1.109616e-01 5.874711e-01 1.109616e-01 5.874711e-01 1.185233e-01 3
48 5.473185e-01 6.380098e-01 5.473185e-01 6.380098e-01 2.371389e-01 6
49 3.899797e-02 2.017424e-01 3.899797e-02 2.336440e-02 2.017424e-01 6
52 3.701933e-01 4.661898e-01 3.701933e-01 3.564329e-01 4.661898e-01 4
56 1.037676e-01 2.363835e-01 1.037676e-01 2.363835e-01 2.092175e-01 3
59 5.019212e-01 7.654266e-02 5.019212e-01 4.951543e-02 7.654266e-02 4
63 2.196884e-01 4.225647e-01 2.196884e-01 2.099952e-01 4.225647e-01 6
65 3.750630e-03 4.324629e-01 3.750630e-03 2.883375e-01 4.324629e-01 5
76 3.117822e-02 6.330876e-01 3.117822e-02 6.330876e-01 5.398944e-01 5
78 2.126919e-01 4.804148e-01 2.126919e-01 4.782983e-01 4.804148e-01 3
90 4.535796e-01 4.328373e-01 4.535796e-01 4.328373e-01 2.835994e-01 4
93 4.357027e-01 2.662859e-01 4.357027e-01 2.566909e-01 2.662859e-01 5
103 2.578973e-01 8.694124e-01 2.578973e-01 9.654357e-03 8.694124e-01 3
104 1.354657e-02 1.472009e-01 1.354657e-02 1.381945e-01 1.472009e-01 5
108 1.820239e-01 1.969579e-01 1.820239e-01 1.969579e-01 1.303763e-01 5
110 1.176072e-01 3.396724e-01 1.176072e-01 3.101241e-01 3.396724e-01 6
114 1.607592e-01 4.033092e-01 1.607592e-01 4.033092e-01 1.223070e-02 6
115 7.113324e-01 3.127256e-02 7.113324e-01 4.061906e-03 3.127256e-02 6
118 8.613134e-02 3.787512e-01 8.613134e-02 2.797408e-01 3.787512e-01 6
132 2.926238e-01 7.321221e-01 2.926238e-01 4.217599e-01 7.321221e-01 3
136 2.876759e-02 3.043960e-01 2.876759e-02 3.043960e-01 8.837734e-02 4
140 2.519248e-01 2.194949e-01 2.519248e-01 2.194949e-01 7.587873e-02 5
143 5.740747e-01 5.232201e-01 5.740747e-01 5.232201e-01 6.080103e-02 3
145 6.077746e-01 6.605530e-01 6.077746e-01 6.605530e-01 3.040800e-01 6
146 2.198685e-01 2.818025e-01 2.198685e-01 2.818025e-01 1.195838e-01 5
148 5.095398e-01 1.333644e-01 5.095398e-01 1.333644e-01 3.619975e-02 3
154 1.316899e-01 2.370302e-01 1.316899e-01 2.370302e-01 8.202986e-02 5
158 2.547685e-02 8.985784e-01 2.547685e-02 2.596191e-01 8.985784e-01 5
161 2.235756e-01 1.424730e-01 2.235756e-01 7.421344e-02 1.424730e-01 5
166 4.906544e-01 2.690677e-01 4.906544e-01 2.690677e-01 2.682115e-01 3
169 2.039514e-01 5.503426e-01 2.039514e-01 2.529177e-01 5.503426e-01 3
171 3.341924e-01 8.618259e-01 3.341924e-01 2.432101e-01 8.618259e-01 6
174 5.618760e-01 3.109998e-01 5.618760e-01 1.730959e-01 3.109998e-01 5
186 1.834936e-01 1.882734e-01 1.834936e-01 1.882734e-01 4.016717e-02 5
190 6.054141e-01 4.179362e-01 6.054141e-01 4.179362e-01 9.235222e-02 4
193 9.057941e-02 3.063408e-01 9.057941e-02 3.063408e-01 2.083457e-01 6
198 2.281486e-01 5.594333e-01 2.281486e-01 5.594333e-01 5.360326e-01 6
201 2.202247e-02 6.979805e-02 2.202247e-02 6.979805e-02 5.235093e-02 6
218 6.320313e-01 4.346100e-01 6.320313e-01 1.537481e-01 4.346100e-01 3
220 8.021604e-02 3.142997e-01 8.021604e-02 2.046422e-01 3.142997e-01 4
223 3.758258e-01 1.557805e-01 3.758258e-01 1.557805e-01 6.874979e-02 6
224 3.176413e-01 6.516981e-01 3.176413e-01 2.828948e-01 6.516981e-01 4
227 2.844020e-01 7.934656e-01 2.844020e-01 1.001338e-01 7.934656e-01 3
228 1.237248e-01 3.841822e-01 1.237248e-01 3.841822e-01 2.107115e-01 5
230 3.560247e-01 4.087330e-01 3.560247e-01 4.087330e-01 1.356696e-01 6
238 2.217531e-01 1.085680e-01 2.217531e-01 8.644284e-02 1.085680e-01 5
242 1.095960e-01 5.756135e-01 1.095960e-01 5.756135e-01 7.991144e-02 5
246 2.238052e-01 1.292936e-01 2.238052e-01 1.292936e-01 3.111282e-02 6
252 2.693297e-01 3.474340e-01 2.693297e-01 2.556990e-01 3.474340e-01 5
259 2.654091e-01 8.057303e-02 2.654091e-01 8.057303e-02 7.426606e-02 6
260 1.129062e-01 8.187259e-01 1.129062e-01 1.040086e-01 8.187259e-01 3
263 2.879271e-01 3.393512e-02 2.879271e-01 3.393512e-02 1.513128e-03 3
265 2.548095e-01 9.858228e-01 2.548095e-01 1.732716e-01 9.858228e-01 3
284 2.084272e-01 2.129722e-01 2.084272e-01 2.129722e-01 1.133631e-01 3
286 1.659672e-01 4.884076e-01 1.659672e-01 4.884076e-01 8.757363e-02 3
290 6.080755e-03 6.523945e-01 6.080755e-03 6.523945e-01 2.800885e-01 6
292 3.879929e-01 5.647613e-01 3.879929e-01 5.647613e-01 3.643969e-02 4
