d cov rideal rshared leak
240330 100.0000 0.0005 0.0005 0.0002
175758 73.1319 0.0545 0.0063 0.0247
128535 53.4827 0.4876 0.0026 0.3473
94000 39.1129 1.4065 0.3690 1.5775
68744 28.6040 1.9456 1.4273 4.0219
50274 20.9187 1.3547 3.5179 8.3025
36766 15.2981 0.5159 6.7503 12.9310
26888 11.1879 0.7197 9.8893 17.5180
19664 8.1821 1.7434 12.4203 20.0916
14380 5.9834 6.6522 16.5575 24.5986
10517 4.3761 14.0425 24.3304 32.7195
7691 3.2002 31.4828 40.6139 49.8685
5625 2.3405 55.3496 62.0535 68.6627
4113 1.7114 77.0700 80.7114 83.2313
3008 1.2516 90.0098 91.9139 92.2364
2200 0.9154 92.1910 93.6517 94.6445
1609 0.6695 99.5376 99.6420 99.3977
1177 0.4897 99.6002 99.6971 99.4837
860 0.3578 99.7609 99.8197 99.6429
629 0.2617 99.6085 99.7114 99.5584
460 0.1914 99.0806 99.3599 98.5269
337 0.1402 99.1418 99.4326 93.8376
246 0.1024 98.7545 99.2394 95.7565
180 0.0749 99.7099 99.8303 98.4727
