d cov rind rcirc
240330 100.0000 0.0005 0.000000
158360 65.8927 0.1131 0.000000
104347 43.4182 1.0305 0.000000
68757 28.6094 1.9286 0.000000
45306 18.8516 0.7884 0.000000
29853 12.4217 0.9174 0.000000
19671 8.1850 1.6554 0.000000
12962 5.3934 8.3908 0.000000
8541 3.5539 26.5013 0.000000
5628 2.3418 55.3767 0.000000
3708 1.5429 74.4190 0.000000
2443 1.0165 90.9801 0.000000
1610 0.6699 99.5427 0.000000
1061 0.4415 99.7609 0.000000
699 0.2909 99.7297 0.000000
461 0.1918 99.0893 0.000000
304 0.1265 99.5245 0.000000
200 0.0832 98.9614 0.000000
