t W1 W2 W3 W4
-0.99900 0.017293 0.007479 0.000328 0.000066
-0.99399 0.017706 0.007998 0.000383 0.000079
-0.98898 0.018133 0.008557 0.000449 0.000096
-0.98398 0.018576 0.009159 0.000532 0.000118
-0.97897 0.019035 0.009806 0.000634 0.000145
-0.97396 0.019511 0.010501 0.000763 0.000181
-0.96895 0.020006 0.011248 0.000928 0.000229
-0.96395 0.020519 0.012048 0.001141 0.000293
-0.95894 0.021052 0.012904 0.001422 0.000382
-0.95393 0.021606 0.013818 0.001797 0.000507
-0.94892 0.022182 0.014792 0.002310 0.000688
-0.94392 0.022781 0.015826 0.003025 0.000960
-0.93891 0.023405 0.016921 0.004047 0.001386
-0.93390 0.024054 0.018076 0.005538 0.002090
-0.92889 0.024730 0.019289 0.007744 0.003324
-0.92389 0.025435 0.020557 0.010991 0.005642
-0.91888 0.026171 0.021874 0.015499 0.010186
-0.91387 0.026938 0.023235 0.020736 0.018140
-0.90886 0.027740 0.024631 0.024566 0.024528
-0.90386 0.028577 0.026052 0.024584 0.020515
-0.89885 0.029452 0.027488 0.021298 0.013588
-0.89384 0.030368 0.028926 0.017109 0.009036
-0.88883 0.031327 0.030351 0.013481 0.006408
-0.88383 0.032331 0.031750 0.010726 0.004844
-0.87882 0.033384 0.033108 0.008711 0.003859
-0.87381 0.034489 0.034412 0.007238 0.003205
-0.86880 0.035648 0.035648 0.006149 0.002753
-0.86380 0.036867 0.036806 0.005330 0.002431
-0.85879 0.038148 0.037876 0.004703 0.002195
-0.85378 0.039495 0.038852 0.004215 0.002020
-0.84877 0.040915 0.039730 0.003832 0.001889
-0.84377 0.042412 0.040509 0.003527 0.001792
-0.83876 0.043990 0.041191 0.003282 0.001720
-0.83375 0.045657 0.041780 0.003086 0.001670
-0.82874 0.047419 0.042281 0.002927 0.001636
-0.82374 0.049284 0.042704 0.002800 0.001617
-0.81873 0.051258 0.043056 0.002699 0.001611
-0.81372 0.053351 0.043349 0.002620 0.001616
-0.80871 0.055572 0.043594 0.002561 0.001632
-0.80371 0.057932 0.043801 0.002518 0.001658
-0.79870 0.060443 0.043982 0.002490 0.001694
-0.79369 0.063116 0.044148 0.002477 0.001739
-0.78868 0.065966 0.044309 0.002477 0.001794
-0.78368 0.069009 0.044476 0.002489 0.001859
-0.77867 0.072262 0.044659 0.002514 0.001934
-0.77366 0.075743 0.044867 0.002551 0.002020
-0.76865 0.079475 0.045109 0.002601 0.002117
-0.76365 0.083481 0.045394 0.002665 0.002227
-0.75864 0.087787 0.045732 0.002742 0.002350
-0.75363 0.092424 0.046130 0.002835 0.002488
-0.74862 0.097424 0.046599 0.002943 0.002641
-0.74362 0.102825 0.047146 0.003070 0.002811
-0.73861 0.108668 0.047783 0.003217 0.003001
-0.73360 0.115002 0.048520 0.003386 0.003211
-0.72859 0.121879 0.049368 0.003580 0.003445
-0.72359 0.129360 0.050341 0.003804 0.003706
-0.71858 0.137513 0.051453 0.004061 0.003996
-0.71357 0.146415 0.052720 0.004358 0.004321
-0.70856 0.156155 0.054162 0.004700 0.004685
-0.70356 0.166833 0.055801 0.005096 0.005093
-0.69855 0.178560 0.057663 0.005556 0.005555
-0.69354 0.191467 0.059779 0.006092 0.006078
-0.68853 0.205699 0.062185 0.006721 0.006674
-0.68353 0.221422 0.064927 0.007463 0.007358
-0.67852 0.238822 0.068056 0.008342 0.008148
-0.67351 0.258109 0.071638 0.009392 0.009066
-0.66850 0.279516 0.075753 0.010656 0.010144
-0.66350 0.303301 0.080498 0.012189 0.011421
-0.65849 0.329744 0.085998 0.014066 0.012948
-0.65348 0.359141 0.092407 0.016389 0.014796
-0.64847 0.391797 0.099925 0.019296 0.017060
-0.64347 0.428004 0.108806 0.022977 0.019872
-0.63846 0.468017 0.119383 0.027706 0.023419
-0.63345 0.512012 0.132096 0.033872 0.027971
-0.62844 0.560021 0.147532 0.042050 0.033927
-0.62344 0.611855 0.166486 0.053100 0.041892
-0.61843 0.666995 0.190043 0.068339 0.052813
-0.61342 0.724474 0.219704 0.089829 0.068219
-0.60841 0.782766 0.257551 0.120839 0.090663
-0.60341 0.839707 0.306445 0.166578 0.124551
-0.59840 0.892520 0.370207 0.235127 0.177652
-0.59339 0.937985 0.453489 0.337709 0.263467
-0.58838 0.972792 0.560576 0.484605 0.402363
-0.58338 0.994053 0.691238 0.667664 0.607220
-0.57837 0.999843 0.831182 0.830253 0.818947
-0.57336 0.989616 0.940639 0.885610 0.875125
-0.56835 0.964330 0.964330 0.816847 0.745007
-0.56335 0.926229 0.880730 0.689333 0.571644
-0.55834 0.878376 0.730227 0.561666 0.435448
-0.55333 0.824101 0.571289 0.454895 0.341924
-0.54832 0.766528 0.436653 0.369754 0.278582
-0.54332 0.708274 0.333253 0.301497 0.234177
-0.53831 0.651319 0.256764 0.245514 0.200878
-0.53330 0.597027 0.200614 0.198646 0.173342
-0.52829 0.546224 0.159130 0.159088 0.148018
-0.52329 0.499327 0.128097 0.125903 0.123068
-0.51828 0.456455 0.104539 0.098524 0.098470
-0.51327 0.417525 0.086384 0.076412 0.075562
-0.50826 0.382337 0.072189 0.058925 0.055912
-0.50326 0.350622 0.060940 0.045335 0.040335
-0.49825 0.322079 0.051913 0.034904 0.028712
-0.49324 0.296407 0.044587 0.026958 0.020371
-0.48823 0.273313 0.038578 0.020925 0.014508
-0.48323 0.252523 0.033603 0.016343 0.010417
-0.47822 0.233786 0.029448 0.012853 0.007560
-0.47321 0.216874 0.025950 0.010183 0.005551
-0.46820 0.201585 0.022983 0.008128 0.004124
-0.46320 0.187738 0.020451 0.006536 0.003101
-0.45819 0.175174 0.018276 0.005295 0.002358
-0.45318 0.163752 0.016396 0.004319 0.001812
-0.44817 0.153347 0.014765 0.003548 0.001406
-0.44317 0.143850 0.013341 0.002933 0.001102
-0.43816 0.135165 0.012092 0.002439 0.000871
-0.43315 0.127207 0.010993 0.002041 0.000694
-0.42814 0.119901 0.010022 0.001717 0.000557
-0.42314 0.113182 0.009160 0.001452 0.000451
-0.41813 0.106990 0.008393 0.001234 0.000367
-0.41312 0.101275 0.007707 0.001054 0.000301
-0.40811 0.095990 0.007094 0.000904 0.000248
-0.40311 0.091095 0.006542 0.000778 0.000205
-0.39810 0.086553 0.006045 0.000673 0.000171
-0.39309 0.082334 0.005596 0.000584 0.000143
-0.38808 0.078407 0.005190 0.000509 0.000120
-0.38308 0.074747 0.004821 0.000445 0.000102
-0.37807 0.071332 0.004485 0.000390 0.000086
-0.37306 0.068139 0.004180 0.000344 0.000073
-0.36805 0.065152 0.003900 0.000303 0.000063
-0.36305 0.062353 0.003645 0.000268 0.000054
-0.35804 0.059726 0.003410 0.000238 0.000046
-0.35303 0.057259 0.003195 0.000212 0.000040
-0.34802 0.054939 0.002997 0.000189 0.000035
-0.34302 0.052754 0.002814 0.000169 0.000030
-0.33801 0.050695 0.002646 0.000151 0.000026
-0.33300 0.048753 0.002490 0.000136 0.000023
-0.32799 0.046918 0.002346 0.000122 0.000020
-0.32298 0.045183 0.002213 0.000110 0.000017
-0.31798 0.043541 0.002089 0.000100 0.000015
-0.31297 0.041986 0.001974 0.000090 0.000014
-0.30796 0.040511 0.001866 0.000082 0.000012
-0.30295 0.039112 0.001767 0.000074 0.000011
-0.29795 0.037783 0.001674 0.000068 0.000009
-0.29294 0.036520 0.001587 0.000062 0.000008
-0.28793 0.035319 0.001506 0.000056 0.000007
-0.28292 0.034175 0.001430 0.000051 0.000007
-0.27792 0.033085 0.001359 0.000047 0.000006
-0.27291 0.032046 0.001292 0.000043 0.000005
-0.26790 0.031055 0.001229 0.000040 0.000005
-0.26289 0.030108 0.001171 0.000036 0.000004
-0.25789 0.029204 0.001115 0.000033 0.000004
-0.25288 0.028339 0.001064 0.000031 0.000003
-0.24787 0.027512 0.001015 0.000028 0.000003
-0.24286 0.026721 0.000969 0.000026 0.000003
-0.23786 0.025962 0.000925 0.000024 0.000003
-0.23285 0.025236 0.000884 0.000022 0.000002
-0.22784 0.024539 0.000846 0.000021 0.000002
-0.22283 0.023870 0.000809 0.000019 0.000002
-0.21783 0.023228 0.000775 0.000018 0.000002
-0.21282 0.022611 0.000742 0.000017 0.000002
-0.20781 0.022019 0.000711 0.000016 0.000001
-0.20280 0.021449 0.000681 0.000014 0.000001
-0.19780 0.020901 0.000654 0.000013 0.000001
-0.19279 0.020374 0.000627 0.000013 0.000001
-0.18778 0.019866 0.000602 0.000012 0.000001
-0.18277 0.019377 0.000578 0.000011 0.000001
-0.17777 0.018905 0.000556 0.000010 0.000001
-0.17276 0.018451 0.000534 0.000010 0.000001
-0.16775 0.018012 0.000514 0.000009 0.000001
-0.16274 0.017589 0.000494 0.000008 0.000001
-0.15774 0.017181 0.000476 0.000008 0.000001
-0.15273 0.016786 0.000458 0.000007 0.000001
-0.14772 0.016405 0.000441 0.000007 0.000001
-0.14271 0.016037 0.000425 0.000007 0.000000
-0.13771 0.015681 0.000410 0.000006 0.000000
-0.13270 0.015336 0.000395 0.000006 0.000000
-0.12769 0.015003 0.000381 0.000005 0.000000
-0.12268 0.014680 0.000368 0.000005 0.000000
-0.11768 0.014368 0.000355 0.000005 0.000000
-0.11267 0.014065 0.000343 0.000005 0.000000
-0.10766 0.013772 0.000331 0.000004 0.000000
-0.10265 0.013488 0.000320 0.000004 0.000000
-0.09765 0.013213 0.000309 0.000004 0.000000
-0.09264 0.012945 0.000299 0.000004 0.000000
-0.08763 0.012686 0.000289 0.000003 0.000000
-0.08262 0.012435 0.000280 0.000003 0.000000
-0.07762 0.012191 0.000271 0.000003 0.000000
-0.07261 0.011954 0.000262 0.000003 0.000000
-0.06760 0.011723 0.000254 0.000003 0.000000
-0.06259 0.011500 0.000246 0.000003 0.000000
-0.05759 0.011283 0.000238 0.000003 0.000000
-0.05258 0.011071 0.000230 0.000002 0.000000
-0.04757 0.010866 0.000223 0.000002 0.000000
-0.04256 0.010666 0.000217 0.000002 0.000000
-0.03756 0.010472 0.000210 0.000002 0.000000
-0.03255 0.010283 0.000204 0.000002 0.000000
-0.02754 0.010099 0.000198 0.000002 0.000000
-0.02253 0.009920 0.000192 0.000002 0.000000
-0.01753 0.009745 0.000186 0.000002 0.000000
-0.01252 0.009575 0.000181 0.000002 0.000000
-0.00751 0.009410 0.000175 0.000002 0.000000
-0.00250 0.009249 0.000170 0.000001 0.000000
0.00250 0.009092 0.000166 0.000001 0.000000
0.00751 0.008938 0.000161 0.000001 0.000000
0.01252 0.008789 0.000156 0.000001 0.000000
0.01753 0.008643 0.000152 0.000001 0.000000
0.02253 0.008501 0.000148 0.000001 0.000000
0.02754 0.008363 0.000144 0.000001 0.000000
0.03255 0.008227 0.000140 0.000001 0.000000
0.03756 0.008095 0.000136 0.000001 0.000000
0.04256 0.007967 0.000132 0.000001 0.000000
0.04757 0.007841 0.000129 0.000001 0.000000
0.05258 0.007718 0.000125 0.000001 0.000000
0.05759 0.007598 0.000122 0.000001 0.000000
0.06259 0.007481 0.000119 0.000001 0.000000
0.06760 0.007366 0.000116 0.000001 0.000000
0.07261 0.007254 0.000113 0.000001 0.000000
0.07762 0.007145 0.000110 0.000001 0.000000
0.08262 0.007038 0.000107 0.000001 0.000000
0.08763 0.006933 0.000104 0.000001 0.000000
0.09264 0.006831 0.000102 0.000001 0.000000
0.09765 0.006731 0.000099 0.000001 0.000000
0.10265 0.006633 0.000097 0.000001 0.000000
0.10766 0.006537 0.000094 0.000001 0.000000
0.11267 0.006444 0.000092 0.000001 0.000000
0.11768 0.006352 0.000090 0.000001 0.000000
0.12268 0.006262 0.000088 0.000000 0.000000
0.12769 0.006174 0.000085 0.000000 0.000000
0.13270 0.006088 0.000083 0.000000 0.000000
0.13771 0.006004 0.000081 0.000000 0.000000
0.14271 0.005921 0.000080 0.000000 0.000000
0.14772 0.005841 0.000078 0.000000 0.000000
0.15273 0.005761 0.000076 0.000000 0.000000
0.15774 0.005684 0.000074 0.000000 0.000000
0.16274 0.005608 0.000072 0.000000 0.000000
0.16775 0.005533 0.000071 0.000000 0.000000
0.17276 0.005460 0.000069 0.000000 0.000000
0.17777 0.005388 0.000068 0.000000 0.000000
0.18277 0.005318 0.000066 0.000000 0.000000
0.18778 0.005249 0.000065 0.000000 0.000000
0.19279 0.005182 0.000063 0.000000 0.000000
0.19780 0.005116 0.000062 0.000000 0.000000
0.20280 0.005051 0.000060 0.000000 0.000000
0.20781 0.004987 0.000059 0.000000 0.000000
0.21282 0.004924 0.000058 0.000000 0.000000
0.21783 0.004863 0.000056 0.000000 0.000000
0.22283 0.004803 0.000055 0.000000 0.000000
0.22784 0.004743 0.000054 0.000000 0.000000
0.23285 0.004685 0.000053 0.000000 0.000000
0.23786 0.004628 0.000052 0.000000 0.000000
0.24286 0.004572 0.000051 0.000000 0.000000
0.24787 0.004517 0.000050 0.000000 0.000000
0.25288 0.004464 0.000049 0.000000 0.000000
0.25789 0.004411 0.000048 0.000000 0.000000
0.26289 0.004358 0.000047 0.000000 0.000000
0.26790 0.004307 0.000046 0.000000 0.000000
0.27291 0.004257 0.000045 0.000000 0.000000
0.27792 0.004208 0.000044 0.000000 0.000000
0.28292 0.004159 0.000043 0.000000 0.000000
0.28793 0.004111 0.000042 0.000000 0.000000
0.29294 0.004064 0.000041 0.000000 0.000000
0.29795 0.004018 0.000040 0.000000 0.000000
0.30295 0.003973 0.000040 0.000000 0.000000
0.30796 0.003928 0.000039 0.000000 0.000000
0.31297 0.003885 0.000038 0.000000 0.000000
0.31798 0.003842 0.000037 0.000000 0.000000
0.32298 0.003799 0.000037 0.000000 0.000000
0.32799 0.003758 0.000036 0.000000 0.000000
0.33300 0.003717 0.000035 0.000000 0.000000
0.33801 0.003676 0.000035 0.000000 0.000000
0.34302 0.003637 0.000034 0.000000 0.000000
0.34802 0.003598 0.000033 0.000000 0.000000
0.35303 0.003559 0.000033 0.000000 0.000000
0.35804 0.003521 0.000032 0.000000 0.000000
0.36305 0.003484 0.000031 0.000000 0.000000
0.36805 0.003447 0.000031 0.000000 0.000000
0.37306 0.003411 0.000030 0.000000 0.000000
0.37807 0.003376 0.000030 0.000000 0.000000
0.38308 0.003341 0.000029 0.000000 0.000000
0.38808 0.003307 0.000029 0.000000 0.000000
0.39309 0.003273 0.000028 0.000000 0.000000
0.39810 0.003239 0.000028 0.000000 0.000000
0.40311 0.003207 0.000027 0.000000 0.000000
0.40811 0.003174 0.000027 0.000000 0.000000
0.41312 0.003142 0.000026 0.000000 0.000000
0.41813 0.003111 0.000026 0.000000 0.000000
0.42314 0.003080 0.000025 0.000000 0.000000
0.42814 0.003050 0.000025 0.000000 0.000000
0.43315 0.003020 0.000024 0.000000 0.000000
0.43816 0.002990 0.000024 0.000000 0.000000
0.44317 0.002961 0.000023 0.000000 0.000000
0.44817 0.002932 0.000023 0.000000 0.000000
0.45318 0.002904 0.000023 0.000000 0.000000
0.45819 0.002876 0.000022 0.000000 0.000000
0.46320 0.002849 0.000022 0.000000 0.000000
0.46820 0.002821 0.000022 0.000000 0.000000
0.47321 0.002795 0.000021 0.000000 0.000000
0.47822 0.002768 0.000021 0.000000 0.000000
0.48323 0.002742 0.000020 0.000000 0.000000
0.48823 0.002717 0.000020 0.000000 0.000000
0.49324 0.002692 0.000020 0.000000 0.000000
0.49825 0.002667 0.000019 0.000000 0.000000
0.50326 0.002642 0.000019 0.000000 0.000000
0.50826 0.002618 0.000019 0.000000 0.000000
0.51327 0.002594 0.000019 0.000000 0.000000
0.51828 0.002570 0.000018 0.000000 0.000000
0.52329 0.002547 0.000018 0.000000 0.000000
0.52829 0.002524 0.000018 0.000000 0.000000
0.53330 0.002502 0.000017 0.000000 0.000000
0.53831 0.002479 0.000017 0.000000 0.000000
0.54332 0.002457 0.000017 0.000000 0.000000
0.54832 0.002436 0.000017 0.000000 0.000000
0.55333 0.002414 0.000016 0.000000 0.000000
0.55834 0.002393 0.000016 0.000000 0.000000
0.56335 0.002372 0.000016 0.000000 0.000000
0.56835 0.002351 0.000016 0.000000 0.000000
0.57336 0.002331 0.000015 0.000000 0.000000
0.57837 0.002311 0.000015 0.000000 0.000000
0.58338 0.002291 0.000015 0.000000 0.000000
0.58838 0.002272 0.000015 0.000000 0.000000
0.59339 0.002252 0.000014 0.000000 0.000000
0.59840 0.002233 0.000014 0.000000 0.000000
0.60341 0.002214 0.000014 0.000000 0.000000
0.60841 0.002196 0.000014 0.000000 0.000000
0.61342 0.002177 0.000014 0.000000 0.000000
0.61843 0.002159 0.000013 0.000000 0.000000
0.62344 0.002141 0.000013 0.000000 0.000000
0.62844 0.002124 0.000013 0.000000 0.000000
0.63345 0.002106 0.000013 0.000000 0.000000
0.63846 0.002089 0.000013 0.000000 0.000000
0.64347 0.002072 0.000012 0.000000 0.000000
0.64847 0.002055 0.000012 0.000000 0.000000
0.65348 0.002039 0.000012 0.000000 0.000000
0.65849 0.002022 0.000012 0.000000 0.000000
0.66350 0.002006 0.000012 0.000000 0.000000
0.66850 0.001990 0.000011 0.000000 0.000000
0.67351 0.001974 0.000011 0.000000 0.000000
0.67852 0.001958 0.000011 0.000000 0.000000
0.68353 0.001943 0.000011 0.000000 0.000000
0.68853 0.001928 0.000011 0.000000 0.000000
0.69354 0.001912 0.000011 0.000000 0.000000
0.69855 0.001898 0.000011 0.000000 0.000000
0.70356 0.001883 0.000010 0.000000 0.000000
0.70856 0.001868 0.000010 0.000000 0.000000
0.71357 0.001854 0.000010 0.000000 0.000000
0.71858 0.001839 0.000010 0.000000 0.000000
0.72359 0.001825 0.000010 0.000000 0.000000
0.72859 0.001811 0.000010 0.000000 0.000000
0.73360 0.001798 0.000010 0.000000 0.000000
0.73861 0.001784 0.000009 0.000000 0.000000
0.74362 0.001771 0.000009 0.000000 0.000000
0.74862 0.001757 0.000009 0.000000 0.000000
0.75363 0.001744 0.000009 0.000000 0.000000
0.75864 0.001731 0.000009 0.000000 0.000000
0.76365 0.001718 0.000009 0.000000 0.000000
0.76865 0.001706 0.000009 0.000000 0.000000
0.77366 0.001693 0.000009 0.000000 0.000000
0.77867 0.001681 0.000008 0.000000 0.000000
0.78368 0.001668 0.000008 0.000000 0.000000
0.78868 0.001656 0.000008 0.000000 0.000000
0.79369 0.001644 0.000008 0.000000 0.000000
0.79870 0.001632 0.000008 0.000000 0.000000
0.80371 0.001620 0.000008 0.000000 0.000000
0.80871 0.001609 0.000008 0.000000 0.000000
0.81372 0.001597 0.000008 0.000000 0.000000
0.81873 0.001586 0.000008 0.000000 0.000000
0.82374 0.001574 0.000007 0.000000 0.000000
0.82874 0.001563 0.000007 0.000000 0.000000
0.83375 0.001552 0.000007 0.000000 0.000000
0.83876 0.001541 0.000007 0.000000 0.000000
0.84377 0.001531 0.000007 0.000000 0.000000
0.84877 0.001520 0.000007 0.000000 0.000000
0.85378 0.001509 0.000007 0.000000 0.000000
0.85879 0.001499 0.000007 0.000000 0.000000
0.86380 0.001488 0.000007 0.000000 0.000000
0.86880 0.001478 0.000007 0.000000 0.000000
0.87381 0.001468 0.000007 0.000000 0.000000
0.87882 0.001458 0.000006 0.000000 0.000000
0.88383 0.001448 0.000006 0.000000 0.000000
0.88883 0.001438 0.000006 0.000000 0.000000
0.89384 0.001428 0.000006 0.000000 0.000000
0.89885 0.001419 0.000006 0.000000 0.000000
0.90386 0.001409 0.000006 0.000000 0.000000
0.90886 0.001400 0.000006 0.000000 0.000000
0.91387 0.001390 0.000006 0.000000 0.000000
0.91888 0.001381 0.000006 0.000000 0.000000
0.92389 0.001372 0.000006 0.000000 0.000000
0.92889 0.001363 0.000006 0.000000 0.000000
0.93390 0.001354 0.000006 0.000000 0.000000
0.93891 0.001345 0.000006 0.000000 0.000000
0.94392 0.001336 0.000006 0.000000 0.000000
0.94892 0.001327 0.000005 0.000000 0.000000
0.95393 0.001319 0.000005 0.000000 0.000000
0.95894 0.001310 0.000005 0.000000 0.000000
0.96395 0.001302 0.000005 0.000000 0.000000
0.96895 0.001293 0.000005 0.000000 0.000000
0.97396 0.001285 0.000005 0.000000 0.000000
0.97897 0.001277 0.000005 0.000000 0.000000
0.98398 0.001269 0.000005 0.000000 0.000000
0.98898 0.001261 0.000005 0.000000 0.000000
0.99399 0.001252 0.000005 0.000000 0.000000
0.99900 0.001245 0.000005 0.000000 0.000000
