omega Atrue Awrong
0.0000 0.003913 0.025478
0.0268 0.003944 0.025992
0.0537 0.003977 0.026523
0.0805 0.004010 0.027071
0.1073 0.004044 0.027636
0.1342 0.004079 0.028221
0.1610 0.004115 0.028825
0.1878 0.004152 0.029449
0.2147 0.004189 0.030095
0.2415 0.004228 0.030763
0.2683 0.004268 0.031454
0.2952 0.004309 0.032170
0.3220 0.004351 0.032912
0.3488 0.004395 0.033681
0.3757 0.004440 0.034478
0.4025 0.004487 0.035305
0.4293 0.004535 0.036163
0.4562 0.004585 0.037054
0.4830 0.004636 0.037979
0.5098 0.004690 0.038941
0.5367 0.004746 0.039941
0.5635 0.004804 0.040982
0.5903 0.004865 0.042065
0.6172 0.004929 0.043194
0.6440 0.004995 0.044370
0.6708 0.005065 0.045596
0.6977 0.005138 0.046876
0.7245 0.005215 0.048213
0.7513 0.005297 0.049609
0.7782 0.005382 0.051069
0.8050 0.005473 0.052596
0.8318 0.005569 0.054195
0.8587 0.005672 0.055871
0.8855 0.005780 0.057627
0.9123 0.005896 0.059470
0.9392 0.006019 0.061405
0.9660 0.006150 0.063438
0.9928 0.006290 0.065576
1.0197 0.006439 0.067825
1.0465 0.006597 0.070193
1.0733 0.006765 0.072687
1.1002 0.006942 0.075315
1.1270 0.007127 0.078085
1.1538 0.007320 0.081007
1.1807 0.007518 0.084087
1.2075 0.007718 0.087335
1.2343 0.007917 0.090761
1.2612 0.008110 0.094372
1.2880 0.008292 0.098179
1.3148 0.008459 0.102193
1.3417 0.008605 0.106428
1.3685 0.008728 0.110901
1.3953 0.008825 0.115631
1.4222 0.008898 0.120644
1.4490 0.008948 0.125967
1.4758 0.008980 0.131636
1.5027 0.009000 0.137686
1.5295 0.009013 0.144161
1.5564 0.009024 0.151105
1.5832 0.009040 0.158569
1.6100 0.009064 0.166605
1.6369 0.009101 0.175273
1.6637 0.009153 0.184636
1.6905 0.009223 0.194764
1.7174 0.009313 0.205734
1.7442 0.009423 0.217633
1.7710 0.009556 0.230555
1.7979 0.009714 0.244607
1.8247 0.009896 0.259907
1.8515 0.010104 0.276583
1.8784 0.010341 0.294782
1.9052 0.010606 0.314662
1.9320 0.010903 0.336398
1.9589 0.011232 0.360180
1.9857 0.011595 0.386211
2.0125 0.011993 0.414708
2.0394 0.012427 0.445895
2.0662 0.012897 0.479994
2.0930 0.013403 0.517221
2.1199 0.013942 0.557763
2.1467 0.014511 0.601757
2.1735 0.015102 0.649259
2.2004 0.015707 0.700206
2.2272 0.016316 0.754359
2.2540 0.016915 0.811246
2.2809 0.017489 0.870100
2.3077 0.018024 0.929794
2.3345 0.018506 0.988803
2.3614 0.018925 1.045204
2.3882 0.019276 1.096737
2.4150 0.019556 1.140950
2.4419 0.019768 1.175426
2.4687 0.019918 1.198067
2.4955 0.020016 1.207399
2.5224 0.020071 1.202796
2.5492 0.020094 1.184589
2.5760 0.020095 1.154011
2.6029 0.020082 1.112997
2.6297 0.020062 1.063904
2.6565 0.020039 1.009204
2.6834 0.020018 0.951242
2.7102 0.019999 0.892055
2.7370 0.019985 0.833295
2.7639 0.019979 0.776204
2.7907 0.019983 0.721654
2.8175 0.020001 0.670197
2.8444 0.020037 0.622133
2.8712 0.020093 0.577572
2.8980 0.020170 0.536487
2.9249 0.020270 0.498759
2.9517 0.020389 0.464210
2.9785 0.020526 0.432629
3.0054 0.020677 0.403790
3.0322 0.020836 0.377463
3.0590 0.020998 0.353425
3.0859 0.021155 0.331461
3.1127 0.021298 0.311369
3.1395 0.021416 0.292960
3.1664 0.021498 0.276059
3.1932 0.021533 0.260510
3.2200 0.021513 0.246169
3.2469 0.021433 0.232910
3.2737 0.021292 0.220625
3.3005 0.021094 0.209221
3.3274 0.020850 0.198620
3.3542 0.020572 0.188757
3.3810 0.020275 0.179576
3.4079 0.019974 0.171029
3.4347 0.019683 0.163074
3.4615 0.019413 0.155671
3.4884 0.019173 0.148783
3.5152 0.018970 0.142375
3.5420 0.018806 0.136412
3.5689 0.018683 0.130864
3.5957 0.018599 0.125697
3.6225 0.018551 0.120882
3.6494 0.018535 0.116388
3.6762 0.018543 0.112187
3.7030 0.018569 0.108251
3.7299 0.018604 0.104553
3.7567 0.018640 0.101068
3.7835 0.018671 0.097773
3.8104 0.018691 0.094651
3.8372 0.018698 0.091685
3.8640 0.018693 0.088864
3.8909 0.018679 0.086180
3.9177 0.018661 0.083629
3.9445 0.018645 0.081208
3.9714 0.018636 0.078913
3.9982 0.018641 0.076744
4.0250 0.018663 0.074695
4.0519 0.018703 0.072763
4.0787 0.018761 0.070940
4.1055 0.018836 0.069219
4.1324 0.018922 0.067591
4.1592 0.019016 0.066047
4.1860 0.019115 0.064579
4.2129 0.019213 0.063178
4.2397 0.019309 0.061838
4.2665 0.019401 0.060553
4.2934 0.019488 0.059320
4.3202 0.019570 0.058134
4.3470 0.019644 0.056992
4.3739 0.019710 0.055889
4.4007 0.019765 0.054820
4.4275 0.019806 0.053780
4.4544 0.019828 0.052761
4.4812 0.019827 0.051758
4.5081 0.019800 0.050764
4.5349 0.019745 0.049778
4.5617 0.019661 0.048794
4.5886 0.019549 0.047814
4.6154 0.019412 0.046839
4.6422 0.019255 0.045872
4.6691 0.019083 0.044917
4.6959 0.018903 0.043979
4.7227 0.018720 0.043062
4.7496 0.018540 0.042172
4.7764 0.018368 0.041311
4.8032 0.018208 0.040483
4.8301 0.018061 0.039689
4.8569 0.017931 0.038930
4.8837 0.017817 0.038206
4.9106 0.017720 0.037516
4.9374 0.017639 0.036859
4.9642 0.017573 0.036233
4.9911 0.017521 0.035635
5.0179 0.017482 0.035066
5.0447 0.017455 0.034521
5.0716 0.017439 0.034002
5.0984 0.017434 0.033505
5.1252 0.017439 0.033032
5.1521 0.017456 0.032581
5.1789 0.017485 0.032153
5.2057 0.017525 0.031747
5.2326 0.017578 0.031364
5.2594 0.017644 0.031003
5.2862 0.017723 0.030665
5.3131 0.017814 0.030347
5.3399 0.017916 0.030048
5.3667 0.018026 0.029766
5.3936 0.018144 0.029499
5.4204 0.018265 0.029242
5.4472 0.018387 0.028993
5.4741 0.018507 0.028748
5.5009 0.018622 0.028506
5.5277 0.018732 0.028263
5.5546 0.018835 0.028019
5.5814 0.018933 0.027774
5.6082 0.019025 0.027529
5.6351 0.019115 0.027287
5.6619 0.019205 0.027048
5.6887 0.019298 0.026816
5.7156 0.019395 0.026593
5.7424 0.019500 0.026380
5.7692 0.019613 0.026179
5.7961 0.019735 0.025990
5.8229 0.019869 0.025816
5.8497 0.020012 0.025654
5.8766 0.020166 0.025507
5.9034 0.020330 0.025372
5.9302 0.020502 0.025249
5.9571 0.020682 0.025137
5.9839 0.020868 0.025036
6.0107 0.021060 0.024944
6.0376 0.021257 0.024861
6.0644 0.021457 0.024786
6.0912 0.021662 0.024718
6.1181 0.021871 0.024659
6.1449 0.022084 0.024607
6.1717 0.022304 0.024563
6.1986 0.022530 0.024528
6.2254 0.022763 0.024502
6.2522 0.023006 0.024485
6.2791 0.023257 0.024478
6.3059 0.023519 0.024481
6.3327 0.023790 0.024493
6.3596 0.024073 0.024515
6.3864 0.024366 0.024548
6.4132 0.024670 0.024590
6.4401 0.024985 0.024641
6.4669 0.025310 0.024702
6.4937 0.025645 0.024772
6.5206 0.025990 0.024850
6.5474 0.026344 0.024937
6.5742 0.026707 0.025032
6.6011 0.027078 0.025134
6.6279 0.027458 0.025244
6.6547 0.027845 0.025361
6.6816 0.028241 0.025486
6.7084 0.028646 0.025618
6.7352 0.029060 0.025758
6.7621 0.029485 0.025906
6.7889 0.029920 0.026063
6.8157 0.030368 0.026230
6.8426 0.030828 0.026405
6.8694 0.031302 0.026591
6.8962 0.031790 0.026788
6.9231 0.032294 0.026995
6.9499 0.032814 0.027214
6.9767 0.033350 0.027445
7.0036 0.033904 0.027688
7.0304 0.034476 0.027943
7.0572 0.035066 0.028211
7.0841 0.035676 0.028492
7.1109 0.036306 0.028787
7.1377 0.036956 0.029095
7.1646 0.037628 0.029418
7.1914 0.038323 0.029756
7.2182 0.039040 0.030109
7.2451 0.039781 0.030478
7.2719 0.040548 0.030863
7.2987 0.041340 0.031264
7.3256 0.042159 0.031684
7.3524 0.043007 0.032121
7.3792 0.043884 0.032578
7.4061 0.044792 0.033053
7.4329 0.045732 0.033550
7.4597 0.046705 0.034067
7.4866 0.047714 0.034607
7.5134 0.048759 0.035170
7.5403 0.049844 0.035758
7.5671 0.050969 0.036371
7.5939 0.052137 0.037010
7.6208 0.053350 0.037678
7.6476 0.054611 0.038375
7.6744 0.055922 0.039103
7.7013 0.057285 0.039864
7.7281 0.058705 0.040659
7.7549 0.060183 0.041490
7.7818 0.061724 0.042360
7.8086 0.063331 0.043270
7.8354 0.065008 0.044223
7.8623 0.066760 0.045222
7.8891 0.068592 0.046269
7.9159 0.070507 0.047368
7.9428 0.072513 0.048521
7.9696 0.074615 0.049733
7.9964 0.076819 0.051007
8.0233 0.079133 0.052347
8.0501 0.081565 0.053759
8.0769 0.084122 0.055247
8.1038 0.086815 0.056817
8.1306 0.089653 0.058475
8.1574 0.092648 0.060227
8.1843 0.095811 0.062081
8.2111 0.099155 0.064045
8.2379 0.102696 0.066127
8.2648 0.106449 0.068336
8.2916 0.110431 0.070684
8.3184 0.114660 0.073180
8.3453 0.119156 0.075838
8.3721 0.123941 0.078669
8.3989 0.129036 0.081686
8.4258 0.134464 0.084905
8.4526 0.140250 0.088338
8.4794 0.146416 0.092000
8.5063 0.152985 0.095904
8.5331 0.159975 0.100061
8.5599 0.167402 0.104482
8.5868 0.175276 0.109170
8.6136 0.183600 0.114130
8.6404 0.192369 0.119356
8.6673 0.201569 0.124842
8.6941 0.211182 0.130576
8.7209 0.221185 0.136545
8.7478 0.231562 0.142738
8.7746 0.242308 0.149153
8.8014 0.253438 0.155799
8.8283 0.265000 0.162704
8.8551 0.277074 0.169917
8.8819 0.289777 0.177508
8.9088 0.303259 0.185567
8.9356 0.317699 0.194201
8.9624 0.333295 0.203529
8.9893 0.350255 0.213675
9.0161 0.368793 0.224769
9.0429 0.389116 0.236934
9.0698 0.411427 0.250292
9.0966 0.435909 0.264954
9.1234 0.462725 0.281015
9.1503 0.491999 0.298553
9.1771 0.523807 0.317611
9.2039 0.558150 0.338190
9.2308 0.594925 0.360228
9.2576 0.633891 0.383582
9.2844 0.674630 0.408000
9.3113 0.716509 0.433102
9.3381 0.758655 0.458364
9.3649 0.799944 0.483113
9.3918 0.839042 0.506547
9.4186 0.874484 0.527788
9.4454 0.904808 0.545959
9.4723 0.928734 0.560291
9.4991 0.945345 0.570234
9.5259 0.954240 0.575548
9.5528 0.955610 0.576347
9.5796 0.950214 0.573086
9.6064 0.939266 0.566496
9.6333 0.924267 0.557474
9.6601 0.906814 0.546980
9.6869 0.888446 0.535938
9.7138 0.870536 0.525170
9.7406 0.854227 0.515364
9.7674 0.840428 0.507064
9.7943 0.829825 0.500681
9.8211 0.822911 0.496512
9.8479 0.820020 0.494757
9.8748 0.821346 0.495533
9.9016 0.826959 0.498881
9.9284 0.836797 0.504765
9.9553 0.850653 0.513059
9.9821 0.868154 0.523540
10.0089 0.888725 0.535864
10.0358 0.911573 0.549554
10.0626 0.935663 0.563989
10.0894 0.959741 0.578418
10.1163 0.982380 0.591983
10.1431 1.002082 0.603786
10.1699 1.017416 0.612969
10.1968 1.027190 0.618816
10.2236 1.030601 0.620845
10.2504 1.027348 0.618876
10.2773 1.017659 0.613046
10.3041 1.002237 0.603775
10.3309 0.982133 0.591696
10.3578 0.958586 0.577552
10.3846 0.932864 0.562102
10.4114 0.906136 0.546050
10.4383 0.879393 0.529988
10.4651 0.853410 0.514382
10.4919 0.828755 0.499573
10.5188 0.805816 0.485794
10.5456 0.784843 0.473195
10.5725 0.765995 0.461871
10.5993 0.749376 0.451884
10.6261 0.735063 0.443282
10.6530 0.723127 0.436105
10.6798 0.713630 0.430393
10.7066 0.706627 0.426176
10.7335 0.702145 0.423473
10.7603 0.700179 0.422279
10.7871 0.700679 0.422565
10.8140 0.703547 0.424272
10.8408 0.708642 0.427315
10.8676 0.715790 0.431590
10.8945 0.724789 0.436976
10.9213 0.735419 0.443341
10.9481 0.747436 0.450538
10.9750 0.760572 0.458406
11.0018 0.774514 0.466758
11.0286 0.788887 0.475369
11.0555 0.803233 0.483964
11.0823 0.816996 0.492209
11.1091 0.829522 0.499712
11.1360 0.840092 0.506042
11.1628 0.847984 0.510764
11.1896 0.852563 0.513500
11.2165 0.853393 0.513986
11.2433 0.850317 0.512128
11.2701 0.843507 0.508030
11.2970 0.833449 0.501984
11.3238 0.820884 0.494433
11.3506 0.806696 0.485909
11.3775 0.791809 0.476965
11.4043 0.777077 0.468115
11.4311 0.763209 0.459783
11.4580 0.750714 0.452275
11.4848 0.739872 0.445759
11.5116 0.730729 0.440262
11.5385 0.723103 0.435675
11.5653 0.716609 0.431768
11.5921 0.710712 0.428219
11.6190 0.704784 0.424652
11.6458 0.698192 0.420686
11.6726 0.690380 0.415989
11.6995 0.680957 0.410325
11.7263 0.669746 0.403588
11.7531 0.656807 0.395815
11.7800 0.642413 0.387168
11.8068 0.626997 0.377908
11.8336 0.611073 0.368344
11.8605 0.595169 0.358792
11.8873 0.579757 0.349535
11.9141 0.565208 0.340796
11.9410 0.551770 0.332724
11.9678 0.539564 0.325391
11.9946 0.528593 0.318799
12.0215 0.518773 0.312898
12.0483 0.509960 0.307601
12.0751 0.501986 0.302807
12.1020 0.494686 0.298418
12.1288 0.487913 0.294346
12.1556 0.481542 0.290514
12.1825 0.475456 0.286853
12.2093 0.469531 0.283290
12.2361 0.463624 0.279737
12.2630 0.457563 0.276092
12.2898 0.451160 0.272241
12.3166 0.444220 0.268069
12.3435 0.436573 0.263473
12.3703 0.428096 0.258378
12.3971 0.418731 0.252751
12.4240 0.408497 0.246602
12.4508 0.397483 0.239986
12.4776 0.385836 0.232990
12.5045 0.373732 0.225719
12.5313 0.361351 0.218282
12.5581 0.348852 0.210775
12.5850 0.336361 0.203273
12.6118 0.323964 0.195827
12.6386 0.311720 0.188473
12.6655 0.299669 0.181234
12.6923 0.287846 0.174134
12.7191 0.276297 0.167196
12.7460 0.265073 0.160455
12.7728 0.254237 0.153946
12.7996 0.243855 0.147709
12.8265 0.233987 0.141781
12.8533 0.224687 0.136194
12.8801 0.215997 0.130973
12.9070 0.207942 0.126132
12.9338 0.200531 0.121679
12.9606 0.193759 0.117609
12.9875 0.187602 0.113908
13.0143 0.182020 0.110552
13.0411 0.176960 0.107509
13.0680 0.172357 0.104740
13.0948 0.168135 0.102200
13.1216 0.164212 0.099840
13.1485 0.160504 0.097609
13.1753 0.156929 0.095457
13.2021 0.153414 0.093341
13.2290 0.149899 0.091226
13.2558 0.146346 0.089088
13.2826 0.142738 0.086916
13.3095 0.139076 0.084713
13.3363 0.135382 0.082490
13.3631 0.131683 0.080265
13.3900 0.128009 0.078054
13.4168 0.124384 0.075873
13.4436 0.120822 0.073730
13.4705 0.117326 0.071626
13.4973 0.113889 0.069558
13.5242 0.110499 0.067518
13.5510 0.107145 0.065499
13.5778 0.103815 0.063496
13.6047 0.100507 0.061505
13.6315 0.097224 0.059530
13.6583 0.093977 0.057575
13.6852 0.090780 0.055651
13.7120 0.087651 0.053769
13.7388 0.084610 0.051938
13.7657 0.081673 0.050171
13.7925 0.078854 0.048473
13.8193 0.076161 0.046852
13.8462 0.073598 0.045309
13.8730 0.071165 0.043844
13.8998 0.068856 0.042453
13.9267 0.066664 0.041132
13.9535 0.064578 0.039875
13.9803 0.062588 0.038676
14.0072 0.060686 0.037530
14.0340 0.058863 0.036431
14.0608 0.057114 0.035376
14.0877 0.055435 0.034364
14.1145 0.053824 0.033392
14.1413 0.052279 0.032460
14.1682 0.050799 0.031567
14.1950 0.049383 0.030712
14.2218 0.048029 0.029895
14.2487 0.046737 0.029115
14.2755 0.045502 0.028369
14.3023 0.044324 0.027657
14.3292 0.043198 0.026977
14.3560 0.042123 0.026327
14.3828 0.041094 0.025705
14.4097 0.040110 0.025110
14.4365 0.039166 0.024539
14.4633 0.038261 0.023991
14.4902 0.037393 0.023466
14.5170 0.036558 0.022960
14.5438 0.035755 0.022474
14.5707 0.034983 0.022006
14.5975 0.034239 0.021555
14.6243 0.033522 0.021120
14.6512 0.032830 0.020701
14.6780 0.032163 0.020296
14.7048 0.031519 0.019906
14.7317 0.030897 0.019528
14.7585 0.030296 0.019163
14.7853 0.029713 0.018809
14.8122 0.029149 0.018466
14.8390 0.028601 0.018133
14.8658 0.028070 0.017810
14.8927 0.027554 0.017497
14.9195 0.027053 0.017192
14.9463 0.026566 0.016896
14.9732 0.026094 0.016608
15.0000 0.025635 0.016329
