x y
21.42 24.61
24.14 24
5.504 3.434
19.45 18.16
24.73 24.22
17.66 23.12
7.74 17.25
22.82 25.29
21.7 24.4
20.44 19.56
5.055 6.828
8.03 8.24
8.924 9.372
3.128 2.108
7.958 8.144
8.862 6.935
3.102 5.768
1.924 4.528
11.77 19.08
9.283 8.995
11.21 20.81
4.13 5.805
11.7 12.77
5.994 8.385
20.6 22.12
22.49 23.42
21.16 20.4
25.51 25.5
17.37 19.25
24.42 24.25
0.6237 2.048
16.18 15.51
9.431 10.12
7.459 7.632
6.666 7.418
24.59 25.18
8.196 7.924
16.32 19.78
9.903 7.634
6.282 8.098
25.51 25.49
6.692 6.473
7.205 8.122
17.53 23.05
2.056 4.037
16 15.87
20.62 22.02
13.74 20.3
20 20.56
15.93 20.07
9.17 9.287
23.34 25.38
11.81 12.83
12.27 16.91
8.29 8.565
25.51 25.49
