x y
0.1243 0.7799
0.03393 0.1718
0.1923 0.2447
0.4547 0.1597
0.04525 0.2709
0.1624 0.2168
0.6467 0.5377
0.1477 0.2472
0.03 0.4539
0.5104 0.1244
0.1252 0.4448
0.3341 0.273
0.06952 0.4315
0.4515 0.56
0.111 0.5875
0.5473 0.638
0.039 0.2017
0.3702 0.4662
0.1038 0.2364
0.5019 0.07654
0.2197 0.4226
0.03 0.4325
0.03118 0.6331
0.2127 0.4804
0.4536 0.4328
0.4357 0.2663
0.2579 0.8694
0.03 0.1472
0.182 0.197
0.1176 0.3397
0.1608 0.4033
0.7113 0.03127
0.08613 0.3788
0.2926 0.7321
0.03 0.3044
0.2519 0.2195
0.5741 0.5232
0.6078 0.6606
0.2199 0.2818
0.5095 0.1334
0.1317 0.237
0.03 0.8986
0.2236 0.1425
0.4907 0.2691
0.204 0.5503
0.3342 0.8618
0.5619 0.311
0.1835 0.1883
0.6054 0.4179
0.09058 0.3063
0.2281 0.5594
0.03 0.0698
0.632 0.4346
0.08022 0.3143
0.3758 0.1558
0.3176 0.6517
0.2844 0.7935
0.1237 0.3842
0.356 0.4087
0.2218 0.1086
0.1096 0.5756
0.2238 0.1293
0.2693 0.3474
0.2654 0.08057
0.1129 0.8187
0.2879 0.03394
0.2548 0.9858
0.2084 0.213
0.166 0.4884
0.03 0.6524
0.388 0.5648
